
100  1  39.698376  0.170000 
1000  1  38.315765  0.199000 
10000  1  32.723484  0.197800 
100000  1  32.547050  0.191140 
1000000  1  32.505451  0.190184 
100  2  54.055344  0.200000 
1000  2  77.393768  0.179000 
10000  2  67.639305  0.192300 
100000  2  65.022171  0.191140 
1000000  2  64.655838  0.190605 
100  3  65.964790  0.160000 
1000  3  102.765167  0.201000 
10000  3  100.315948  0.194200 
100000  3  94.087631  0.191550 
1000000  3  94.359001  0.190605 
100  4  80.197319  0.190000 
1000  4  137.230362  0.186000 
10000  4  130.584030  0.189900 
100000  4  122.682823  0.190290 
1000000  4  122.766602  0.190714 
100  5  68.587791  0.190000 
1000  5  123.792114  0.186000 
10000  5  118.462250  0.189900 
100000  5  110.278870  0.190040 
1000000  5  114.009254  0.190732 
100  6  57.209023  0.200000 
1000  6  117.385719  0.178000 
10000  6  132.437881  0.189900 
100000  6  131.928909  0.190040 
1000000  6  131.806259  0.190732 
100  7  60.424412  0.170000 
1000  7  135.300125  0.176000 
10000  7  155.180695  0.191300 
100000  7  152.772736  0.189990 
1000000  7  153.441208  0.190488 
100  8  58.996803  0.170000 
1000  8  164.096024  0.176000 
10000  8  183.556992  0.184900 
100000  8  173.716064  0.189010 
1000000  8  175.491516  0.190005 
