
0.001987
0.005767
0.009775
0.014772
0.019542
0.048871
0.098815
0.148053
0.196110
0.494441
1.015379
1.485623
1.981842
4.964068
9.930201
14.893298
19.840801
0.001972
0.004902
0.009990
0.014675
0.019513
0.049505
0.098567
0.147934
0.197235
0.493966
0.988571
1.484434
1.980237
4.960282
9.919280
14.881220
19.850901
0.001973
0.004936
0.009855
0.015186
0.019677
0.049293
0.101299
0.148512
0.202919
0.494139
0.989173
1.485477
1.968820
4.957354
9.919291
14.897369
19.913960
2.014916
4.911097
16.077887
14.745165
19.674888
49.167080
98.685035
147.792045
197.137007
493.719010
987.435924
1482.249005
1980.570145
4959.880840
9928.076062
14803.063823
19831.995014
491358802882965.312500 
406028294195500.062500 
1949599317294598.250000 
2564159579701492.500000 
508232036730250.437500 
419955344180225.250000 
2016037972211791.250000 
2052258837920489.250000 
506279003229837.125000 
420877165255566.000000 
2006431512660001.750000 
2093676170420200.750000 
512925824748013.562500 
420992677514212.937500 
2448483940407418.500000 
2045222521904761.750000 
507151815605516.750000 
420914287282313.625000 
2014147109360345.250000 
2072960710458999.000000 
506618205838362.187500 
421103298651282.625000 
2012222079796105.750000 
2038156911278994.750000 
425476824561542.562500 
378366544918925.875000 
2008683610513516.000000 
2043082150128436.750000 
506462880646013.375000 
421194150505240.687500 
2111891240952480.750000 
2348516675415573.000000 
505967671541428.375000 
421210673236099.437500 
1999360989120972.750000 
2036494687529635.000000 
506077130748231.562500 
421228519241512.187500 
2135091576490051.750000 
2019222626748909.250000 
506038492679528.937500 
420971137920604.375000 
1997954718884002.500000 
2022546882004799.500000 
505013087248269.562500 
420707312428738.750000 
1982668390070241.000000 
2011931757753140.000000 
504773085552696.625000 
420582978079185.375000 
1983375215887071.750000 
2011254351390117.500000 
506466774559651.187500 
420397560716343.312500 
1964419044371235.500000 
1999214689456987.750000 
507290630467958.437500 
420311469709169.437500 
1971681976430899.000000 
1984520756997626.000000 
504066034068691.937500 
420255485186352.687500 
1952970400109615.750000 
1994515850461533.000000 
503730802520469.937500 
420179821897575.500000 
1950424551395531.500000 
2015613732070287.250000 
