
0.000502
0.001210
0.002474
0.003705
0.004914
0.012416
0.024592
0.037041
0.049451
0.120152
0.248005
0.366565
0.499242
1.253253
2.495461
3.769064
5.014824
0.000504
0.001237
0.002435
0.003638
0.004940
0.011147
0.023285
0.035543
0.048050
0.122349
0.248565
0.369841
0.499414
1.253651
2.406060
3.664127
4.932329
0.000482
0.001222
0.002507
0.003753
0.004433
0.010436
0.023155
0.031268
0.052010
0.115361
0.237241
0.364835
0.499412
1.240622
2.510042
3.731907
5.021149
0.000506
0.001244
0.002425
0.003679
0.004171
0.012218
0.022929
0.036904
0.049303
0.123459
0.246785
0.354996
0.475237
1.251121
2.491186
3.756237
5.016536
