
2056.976674 
1971.615542 
1952.435356 
1902.111291 
1910.912661 
2287.282345 
2090.924150 
2004.059770 
1997.677790 
2021.214345 
1997.373072 
2044.003906 
1978.732402 
1965.186646 
1954.509990 
1955.252835 
1949.760573 
1946.065834 
1951.548208 
1982.536603 
1997.907010 
1897.573251 
2013.052033 
1947.495350 
1949.268983 
1885.510780 
1947.891044 
2170.572023 
1981.919387 
2001.874317 
1960.693478 
1953.378213 
1949.526044 
1949.305196 
2011.694284 
1985.469349 
1991.176308 
2230.147793 
1905.486822 
1902.583146 
2011.995848 
2001.382710 
2003.399179 
2181.612799 
1996.869747 
1985.240528 
1979.300505 
1976.365933 
1953.303590 
1953.058853 
1953.990607 
