
0.002400
0.005953
0.011886
0.017814
0.023756
0.059377
0.118719
0.178082
0.237419
0.593513
1.187751
1.783743
2.378205
5.949289
11.901166
17.860663
23.814879
0.002396 
0.005951 
0.011881 
0.017814 
0.023754 
0.059379 
0.118719 
0.178063 
0.237413 
0.593517 
1.187729 
1.782783 
2.378032 
5.948066 
11.896306 
17.844826 
23.803041 
0.002396 
0.005955 
0.011879 
0.018296 
0.025077 
0.059368 
0.125320 
0.178216 
0.250614 
0.593514 
1.187768 
1.782697 
2.377974 
5.947452 
11.896614 
17.845871 
23.797742 
0.002398 
0.005952 
0.014627 
0.017815 
0.023756 
0.059370 
0.118718 
0.178061 
0.237415 
0.593506 
1.187751 
1.781321 
2.378015 
5.946710 
11.905386 
17.855220 
23.819218 
