
2019  0  20.690914  8.750994  0.500000  1  0.000000 
2019  1  25.867294  11.440720  0.000000  2  0.000000 
2019  2  34.833050  12.993634  -1.000000  3  0.000000 
2019  3  45.185810  12.993634  -2.500000  4  0.000000 
2019  4  54.151566  11.440720  -4.500000  5  0.000000 
2019  5  59.327950  8.750994  -7.000000  6  0.000000 
2019  6  59.327950  5.645164  -10.000000  7  0.000000 
2019  7  54.151566  2.955439  -13.500000  8  0.000000 
2019  8  45.185810  1.402524  -17.500000  9  0.000000 
2019  9  34.833050  1.402524  -22.000000  10  0.000000 
2019  10  25.867298  2.955438  -27.000000  11  0.000000 
2019  11  20.690912  5.645166  -32.500000  12  0.000000 
2020  0  20.690914  8.750994  -38.500000  13  0.000000 
2020  1  25.867294  11.440720  -45.000000  14  0.000000 
2020  2  34.833050  12.993634  -52.000000  15  0.000000 
2020  3  45.185810  12.993634  -59.500000  16  0.000000 
2020  4  54.151566  11.440720  -67.500000  17  0.000000 
2020  5  59.327950  8.750994  -76.000000  18  0.000000 
2020  6  59.327950  5.645164  -85.000000  19  0.000000 
2020  7  54.151566  2.955439  -94.500000  20  0.000000 
2020  8  45.185810  1.402524  -104.500000  21  0.000000 
2020  9  34.833050  1.402524  -115.000000  22  0.000000 
2020  10  25.867298  2.955438  -126.000000  23  0.000000 
2020  11  20.690912  5.645166  -137.500000  24  0.000000 
2021  0  20.690914  8.750994  -149.500000  25  0.000000 
2021  1  25.867294  11.440720  -162.000000  26  0.000000 
2021  2  34.833050  12.993634  -175.000000  27  0.000000 
2021  3  45.185810  12.993634  -188.500000  28  0.000000 
2021  4  54.151566  11.440720  -202.500000  29  0.000000 
2021  5  59.327950  8.750994  -217.000000  30  0.000000 
2021  6  59.327950  5.645164  -232.000000  31  0.000000 
2021  7  54.151566  2.955439  -247.500000  32  0.000000 
2021  8  45.185810  1.402524  -263.500000  33  0.000000 
2021  9  34.833050  1.402524  -280.000000  34  0.000000 
2021  10  25.867298  2.955438  -297.000000  35  0.000000 
2021  11  20.690912  5.645166  -314.500000  36  0.000000 
2022  0  20.690914  8.750994  -332.500000  37  0.000000 
2022  1  25.867294  11.440720  -351.000000  38  0.000000 
2022  2  34.833050  12.993634  -370.000000  39  0.000000 
2022  3  45.185810  12.993634  -389.500000  40  0.000000 
2022  4  54.151566  11.440720  -409.500000  41  0.000000 
2022  5  59.327950  8.750994  -430.000000  42  0.000000 
2022  6  59.327950  5.645164  -451.000000  43  0.000000 
2022  7  54.151566  2.955439  -472.500000  44  0.000000 
2022  8  45.185810  1.402524  -494.500000  45  0.000000 
2022  9  34.833050  1.402524  -517.000000  46  0.000000 
2022  10  25.867298  2.955438  -540.000000  47  0.000000 
2022  11  20.690912  5.645166  -563.500000  48  0.000000 
2023  0  20.690914  8.750994  -587.500000  49  0.000000 
2023  1  25.867294  11.440720  -612.000000  50  0.000000 
2023  2  34.833050  12.993634  -637.000000  51  0.000000 
2023  3  45.185810  12.993634  -662.500000  52  0.000000 
2023  4  54.151566  11.440720  -688.500000  53  0.000000 
2023  5  59.327950  8.750994  -715.000000  54  0.000000 
2023  6  59.327950  5.645164  -742.000000  55  0.000000 
2023  7  54.151566  2.955439  -769.500000  56  0.000000 
2023  8  45.185810  1.402524  -797.500000  57  0.000000 
2023  9  34.833050  1.402524  -826.000000  58  0.000000 
2023  10  25.867298  2.955438  -855.000000  59  0.000000 
2023  11  20.690912  5.645166  -884.500000  60  0.000000 
2024  0  20.690914  8.750994  -914.500000  61  0.000000 
2024  1  25.867294  11.440720  -945.000000  62  0.000000 
2024  2  34.833050  12.993634  -976.000000  63  0.000000 
2024  3  45.185810  12.993634  -1007.500000  64  0.000000 
2024  4  54.151566  11.440720  -1039.500000  65  0.000000 
2024  5  59.327950  8.750994  -1072.000000  66  0.000000 
2024  6  59.327950  5.645164  -1105.000000  67  0.000000 
2024  7  54.151566  2.955439  -1138.500000  68  0.000000 
2024  8  45.185810  1.402524  -1172.500000  69  0.000000 
2024  9  34.833050  1.402524  -1207.000000  70  0.000000 
2024  10  25.867298  2.955438  -1242.000000  71  0.000000 
2024  11  20.690912  5.645166  -1277.500000  72  0.000000 
2019  0  20.690914  8.750994  0.000000  1  0.000000 
2019  1  25.867294  11.440720  -0.500000  2  0.000000 
2019  2  34.833050  12.993634  -1.500000  3  0.000000 
2019  3  45.185810  12.993634  -3.000000  4  0.000000 
2019  4  54.151566  11.440720  -5.000000  5  0.000000 
2019  5  59.327950  8.750994  -7.500000  6  0.000000 
2019  6  59.327950  5.645164  -10.500000  7  0.000000 
2019  7  54.151566  2.955439  -14.000000  8  0.000000 
2019  8  45.185810  1.402524  -18.000000  9  0.000000 
2019  9  34.833050  1.402524  -22.500000  10  0.000000 
2019  10  25.867298  2.955438  -27.500000  11  0.000000 
2019  11  20.690912  5.645166  -33.000000  12  0.000000 
2020  0  20.690914  8.750994  -39.000000  13  0.000000 
2020  1  25.867294  11.440720  -45.500000  14  0.000000 
2020  2  34.833050  12.993634  -52.500000  15  0.000000 
2020  3  45.185810  12.993634  -60.000000  16  0.000000 
2020  4  54.151566  11.440720  -68.000000  17  0.000000 
2020  5  59.327950  8.750994  -76.500000  18  0.000000 
2020  6  59.327950  5.645164  -85.500000  19  0.000000 
2020  7  54.151566  2.955439  -95.000000  20  0.000000 
2020  8  45.185810  1.402524  -105.000000  21  0.000000 
2020  9  34.833050  1.402524  -115.500000  22  0.000000 
2020  10  25.867298  2.955438  -126.500000  23  0.000000 
2020  11  20.690912  5.645166  -138.000000  24  0.000000 
2021  0  20.690914  8.750994  -150.000000  25  0.000000 
2021  1  25.867294  11.440720  -162.500000  26  0.000000 
2021  2  34.833050  12.993634  -175.500000  27  0.000000 
2021  3  45.185810  12.993634  -189.000000  28  0.000000 
2021  4  54.151566  11.440720  -203.000000  29  0.000000 
2021  5  59.327950  8.750994  -217.500000  30  0.000000 
2021  6  59.327950  5.645164  -232.500000  31  0.000000 
2021  7  54.151566  2.955439  -248.000000  32  0.000000 
2021  8  45.185810  1.402524  -264.000000  33  0.000000 
2021  9  34.833050  1.402524  -280.500000  34  0.000000 
2021  10  25.867298  2.955438  -297.500000  35  0.000000 
2021  11  20.690912  5.645166  -315.000000  36  0.000000 
2022  0  20.690914  8.750994  -333.000000  37  0.000000 
2022  1  25.867294  11.440720  -351.500000  38  0.000000 
2022  2  34.833050  12.993634  -370.500000  39  0.000000 
2022  3  45.185810  12.993634  -390.000000  40  0.000000 
2022  4  54.151566  11.440720  -410.000000  41  0.000000 
2022  5  59.327950  8.750994  -430.500000  42  0.000000 
2022  6  59.327950  5.645164  -451.500000  43  0.000000 
2022  7  54.151566  2.955439  -473.000000  44  0.000000 
2022  8  45.185810  1.402524  -495.000000  45  0.000000 
2022  9  34.833050  1.402524  -517.500000  46  0.000000 
2022  10  25.867298  2.955438  -540.500000  47  0.000000 
2022  11  20.690912  5.645166  -564.000000  48  0.000000 
2023  0  20.690914  8.750994  -588.000000  49  0.000000 
2023  1  25.867294  11.440720  -612.500000  50  0.000000 
2023  2  34.833050  12.993634  -637.500000  51  0.000000 
2023  3  45.185810  12.993634  -663.000000  52  0.000000 
2023  4  54.151566  11.440720  -689.000000  53  0.000000 
2023  5  59.327950  8.750994  -715.500000  54  0.000000 
2023  6  59.327950  5.645164  -742.500000  55  0.000000 
2023  7  54.151566  2.955439  -770.000000  56  0.000000 
2023  8  45.185810  1.402524  -798.000000  57  0.000000 
2023  9  34.833050  1.402524  -826.500000  58  0.000000 
2023  10  25.867298  2.955438  -855.500000  59  0.000000 
2023  11  20.690912  5.645166  -885.000000  60  0.000000 
2024  0  20.690914  8.750994  -915.000000  61  0.000000 
2024  1  25.867294  11.440720  -945.500000  62  0.000000 
2024  2  34.833050  12.993634  -976.500000  63  0.000000 
2024  3  45.185810  12.993634  -1008.000000  64  0.000000 
2024  4  54.151566  11.440720  -1040.000000  65  0.000000 
2024  5  59.327950  8.750994  -1072.500000  66  0.000000 
2024  6  59.327950  5.645164  -1105.500000  67  0.000000 
2024  7  54.151566  2.955439  -1139.000000  68  0.000000 
2024  8  45.185810  1.402524  -1173.000000  69  0.000000 
2024  9  34.833050  1.402524  -1207.500000  70  0.000000 
2024  10  25.867298  2.955438  -1242.500000  71  0.000000 
2024  11  20.690912  5.645166  -1278.000000  72  0.000000 
2019  0  20.690914  8.750994  0.000000  1  0.000000 
2019  1  25.867294  11.440720  -0.500000  2  0.000000 
2019  2  34.833050  12.993634  -1.500000  3  0.000000 
2019  3  45.185810  12.993634  -3.000000  4  0.000000 
2019  4  54.151566  11.440720  -5.000000  5  0.000000 
2019  5  59.327950  8.750994  -7.500000  6  0.000000 
2019  6  59.327950  5.645164  -10.500000  7  0.000000 
2019  7  54.151566  2.955439  -14.000000  8  0.000000 
2019  8  45.185810  1.402524  -18.000000  9  0.000000 
2019  9  34.833050  1.402524  -22.500000  10  0.000000 
2019  10  25.867298  2.955438  -27.500000  11  0.000000 
2019  11  20.690912  5.645166  -33.000000  12  0.000000 
2020  0  20.690914  8.750994  -39.000000  13  0.000000 
2020  1  25.867294  11.440720  -45.500000  14  0.000000 
2020  2  34.833050  12.993634  -52.500000  15  0.000000 
2020  3  45.185810  12.993634  -60.000000  16  0.000000 
2020  4  54.151566  11.440720  -68.000000  17  0.000000 
2020  5  59.327950  8.750994  -76.500000  18  0.000000 
2020  6  59.327950  5.645164  -85.500000  19  0.000000 
2020  7  54.151566  2.955439  -95.000000  20  0.000000 
2020  8  45.185810  1.402524  -105.000000  21  0.000000 
2020  9  34.833050  1.402524  -115.500000  22  0.000000 
2020  10  25.867298  2.955438  -126.500000  23  0.000000 
2020  11  20.690912  5.645166  -138.000000  24  0.000000 
2021  0  20.690914  8.750994  -150.000000  25  0.000000 
2021  1  25.867294  11.440720  -162.500000  26  0.000000 
2021  2  34.833050  12.993634  -175.500000  27  0.000000 
2021  3  45.185810  12.993634  -189.000000  28  0.000000 
2021  4  54.151566  11.440720  -203.000000  29  0.000000 
2021  5  59.327950  8.750994  -217.500000  30  0.000000 
2021  6  59.327950  5.645164  -232.500000  31  0.000000 
2021  7  54.151566  2.955439  -248.000000  32  0.000000 
2021  8  45.185810  1.402524  -264.000000  33  0.000000 
2021  9  34.833050  1.402524  -280.500000  34  0.000000 
2021  10  25.867298  2.955438  -297.500000  35  0.000000 
2021  11  20.690912  5.645166  -315.000000  36  0.000000 
2022  0  20.690914  8.750994  -333.000000  37  0.000000 
2022  1  25.867294  11.440720  -351.500000  38  0.000000 
2022  2  34.833050  12.993634  -370.500000  39  0.000000 
2022  3  45.185810  12.993634  -390.000000  40  0.000000 
2022  4  54.151566  11.440720  -410.000000  41  0.000000 
2022  5  59.327950  8.750994  -430.500000  42  0.000000 
2022  6  59.327950  5.645164  -451.500000  43  0.000000 
2022  7  54.151566  2.955439  -473.000000  44  0.000000 
2022  8  45.185810  1.402524  -495.000000  45  0.000000 
2022  9  34.833050  1.402524  -517.500000  46  0.000000 
2022  10  25.867298  2.955438  -540.500000  47  0.000000 
2022  11  20.690912  5.645166  -564.000000  48  0.000000 
2023  0  20.690914  8.750994  -588.000000  49  0.000000 
2023  1  25.867294  11.440720  -612.500000  50  0.000000 
2023  2  34.833050  12.993634  -637.500000  51  0.000000 
2023  3  45.185810  12.993634  -663.000000  52  0.000000 
2023  4  54.151566  11.440720  -689.000000  53  0.000000 
2023  5  59.327950  8.750994  -715.500000  54  0.000000 
2023  6  59.327950  5.645164  -742.500000  55  0.000000 
2023  7  54.151566  2.955439  -770.000000  56  0.000000 
2023  8  45.185810  1.402524  -798.000000  57  0.000000 
2023  9  34.833050  1.402524  -826.500000  58  0.000000 
2023  10  25.867298  2.955438  -855.500000  59  0.000000 
2023  11  20.690912  5.645166  -885.000000  60  0.000000 
2024  0  20.690914  8.750994  -915.000000  61  0.000000 
2024  1  25.867294  11.440720  -945.500000  62  0.000000 
2024  2  34.833050  12.993634  -976.500000  63  0.000000 
2024  3  45.185810  12.993634  -1008.000000  64  0.000000 
2024  4  54.151566  11.440720  -1040.000000  65  0.000000 
2024  5  59.327950  8.750994  -1072.500000  66  0.000000 
2024  6  59.327950  5.645164  -1105.500000  67  0.000000 
2024  7  54.151566  2.955439  -1139.000000  68  0.000000 
2024  8  45.185810  1.402524  -1173.000000  69  0.000000 
2024  9  34.833050  1.402524  -1207.500000  70  0.000000 
2024  10  25.867298  2.955438  -1242.500000  71  0.000000 
2024  11  20.690912  5.645166  -1278.000000  72  0.000000 
