
58800.660156  1 
80620.570312  2 
81222.976562  3 
65369.839844  4 
75184.500000  5 
68299.171875  6 
70275.593750  7 
69125.429688  8 
61937.695312  9 
67912.843750  10 
59341.429688  11 
64713.832031  12 
65419.828125  13 
61218.488281  14 
70048.203125  15 
76905.734375  16 
65264.394531  17 
58214.757812  18 
53472.046875  19 
62965.066406  20 
68558.234375  21 
54697.042969  22 
53764.527344  23 
43879.191406  24 
55199.820312  25 
57015.765625  26 
48718.492188  27 
47265.589844  28 
54186.527344  29 
42577.367188  30 
48201.058594  31 
34088.449219  32 
37600.609375  33 
32546.755859  34 
35191.726562  35 
42463.183594  36 
28353.320312  37 
21835.574219  38 
26485.917969  39 
22045.833984  40 
38950.128906  41 
25852.287109  42 
11320.870117  43 
29948.154297  44 
12746.369141  45 
15611.622070  46 
5242.298340  47 
7382.929199  48 
12946.936523  49 
2762.443359  50 
1749.339966  51 
20230.925781  52 
-5454.038574  53 
9347.653320  54 
-10823.397461  55 
-5843.189941  56 
-4926.134277  57 
-13036.519531  58 
-11730.353516  59 
3026.179688  60 
-5379.750000  61 
-18029.966797  62 
-23807.894531  63 
-18562.117188  64 
-16997.699219  65 
-27361.031250  66 
-28017.419922  67 
-39126.773438  68 
-31609.986328  69 
-30640.019531  70 
-31226.794922  71 
-31330.716797  72 
-41426.429688  73 
-40322.820312  74 
-38671.500000  75 
-42322.207031  76 
-48742.113281  77 
-44502.183594  78 
-36182.105469  79 
-47732.328125  80 
-45187.292969  81 
-51317.468750  82 
-61032.714844  83 
-36115.335938  84 
-59018.261719  85 
-57007.132812  86 
-65294.078125  87 
-58346.429688  88 
-62046.144531  89 
-61501.691406  90 
-49136.679688  91 
-53614.703125  92 
-69569.953125  93 
-52157.046875  94 
-50193.472656  95 
-66943.421875  96 
-56967.128906  97 
-61534.375000  98 
-65099.457031  99 
-44949.019531  100 
-57655.269531  101 
-63301.566406  102 
-76278.710938  103 
-62959.402344  104 
-54046.050781  105 
-67688.445312  106 
-58445.968750  107 
-73392.031250  108 
-65770.265625  109 
-71882.007812  110 
-66457.976562  111 
-71133.453125  112 
-61916.304688  113 
-72627.664062  114 
-60242.925781  115 
-59311.574219  116 
-68368.210938  117 
-68148.687500  118 
-75200.195312  119 
-64957.132812  120 
-74399.437500  121 
-64980.445312  122 
-60076.238281  123 
-55673.593750  124 
-64247.214844  125 
-59088.917969  126 
-68649.804688  127 
-57611.304688  128 
-60917.035156  129 
-61090.644531  130 
-52958.175781  131 
-55706.378906  132 
-48115.644531  133 
-50230.171875  134 
-44094.117188  135 
-38336.753906  136 
-56444.125000  137 
-44241.722656  138 
-42073.824219  139 
-30337.394531  140 
-39821.746094  141 
-37705.285156  142 
-42141.550781  143 
-32683.605469  144 
-35825.148438  145 
-39891.664062  146 
-27182.810547  147 
-33274.097656  148 
-27498.457031  149 
-20269.378906  150 
-32771.648438  151 
-15176.870117  152 
-16897.142578  153 
-15820.876953  154 
-14349.656250  155 
-6330.224121  156 
-6166.903809  157 
-17680.451172  158 
-8063.578125  159 
-7706.788574  160 
4110.149902  161 
7142.365723  162 
2338.212891  163 
5178.930176  164 
-1045.690308  165 
3981.515381  166 
15228.776367  167 
22012.001953  168 
11371.464844  169 
18066.035156  170 
16060.531250  171 
26236.175781  172 
15382.099609  173 
14842.858398  174 
30171.005859  175 
31960.158203  176 
37474.667969  177 
22391.423828  178 
19824.951172  179 
38436.953125  180 
32769.351562  181 
38006.718750  182 
28998.296875  183 
40639.738281  184 
44941.433594  185 
44885.578125  186 
48796.042969  187 
50955.417969  188 
52462.441406  189 
52641.343750  190 
54515.597656  191 
46477.191406  192 
55466.277344  193 
68789.734375  194 
59555.781250  195 
63026.042969  196 
62396.238281  197 
65910.906250  198 
61634.964844  199 
66234.695312  200 
62273.546875  201 
56970.074219  202 
57613.035156  203 
66954.484375  204 
77349.648438  205 
61926.542969  206 
59737.449219  207 
70491.296875  208 
68283.445312  209 
67371.304688  210 
65146.875000  211 
77337.187500  212 
63779.781250  213 
78790.523438  214 
67715.406250  215 
67725.156250  216 
71276.304688  217 
71321.453125  218 
63025.375000  219 
65681.562500  220 
66710.250000  221 
69887.601562  222 
71943.046875  223 
69107.632812  224 
62662.992188  225 
73993.375000  226 
59638.269531  227 
54543.019531  228 
64979.718750  229 
57278.109375  230 
50464.488281  231 
68323.265625  232 
66326.179688  233 
63749.250000  234 
57518.523438  235 
58928.609375  236 
56965.281250  237 
48866.808594  238 
59474.875000  239 
59745.648438  240 
39261.144531  241 
49506.914062  242 
39433.578125  243 
39461.406250  244 
38795.671875  245 
45625.039062  246 
39200.695312  247 
45153.222656  248 
29138.894531  249 
35558.507812  250 
38360.832031  251 
32930.187500  252 
25133.781250  253 
31098.648438  254 
26542.447266  255 
29534.638672  256 
23286.501953  257 
23568.751953  258 
26338.994141  259 
28158.187500  260 
12834.568359  261 
13028.148438  262 
10748.570312  263 
15453.022461  264 
6786.772949  265 
4954.334961  266 
2346.235352  267 
4315.099609  268 
-1417.431885  269 
-2889.123535  270 
4376.180176  271 
8621.810547  272 
-12287.173828  273 
-11078.314453  274 
-1941.420532  275 
-14913.707031  276 
-5506.614746  277 
-17605.048828  278 
-16672.421875  279 
-19708.113281  280 
-25870.828125  281 
-20752.181641  282 
-33309.738281  283 
-38101.343750  284 
-31319.414062  285 
-32202.548828  286 
-39101.488281  287 
-39775.660156  288 
-40723.343750  289 
-37940.093750  290 
-35603.945312  291 
-30122.814453  292 
-53901.507812  293 
-37008.109375  294 
-40900.019531  295 
-48542.441406  296 
-45693.671875  297 
-50042.781250  298 
-65688.937500  299 
-53060.937500  300 
-61326.238281  301 
-51265.878906  302 
-45955.304688  303 
-53623.199219  304 
-49310.835938  305 
-53363.984375  306 
-53358.824219  307 
-61356.875000  308 
-58479.695312  309 
-58503.898438  310 
-66085.484375  311 
-69159.648438  312 
-67439.367188  313 
-57510.164062  314 
-66402.656250  315 
-71405.882812  316 
-64177.316406  317 
-61669.671875  318 
-64076.566406  319 
-72296.617188  320 
-63050.898438  321 
-73835.500000  322 
-79788.976562  323 
-73653.398438  324 
-74253.023438  325 
-69019.117188  326 
-67592.890625  327 
-73738.875000  328 
-65499.835938  329 
-66442.476562  330 
-58138.722656  331 
-79322.578125  332 
-69337.820312  333 
-59898.761719  334 
-68819.398438  335 
-74484.406250  336 
-63053.675781  337 
-61487.847656  338 
-59605.851562  339 
-68179.156250  340 
-54901.238281  341 
-49781.710938  342 
-52240.746094  343 
-58168.292969  344 
-56594.175781  345 
-54537.046875  346 
-53218.378906  347 
-51081.894531  348 
-55363.984375  349 
-44851.253906  350 
-45096.542969  351 
-41315.257812  352 
-39616.820312  353 
-50103.476562  354 
-50010.394531  355 
-42101.367188  356 
-33372.972656  357 
-27364.767578  358 
-30827.923828  359 
-32118.796875  360 
-25304.673828  361 
-33647.187500  362 
-30075.244141  363 
-29993.105469  364 
-21024.779297  365 
-16855.728516  366 
-23768.623047  367 
-17140.611328  368 
-18236.396484  369 
-14347.174805  370 
-12640.547852  371 
-5590.548828  372 
-9976.678711  373 
-12399.572266  374 
-12924.955078  375 
9217.826172  376 
22.195055  377 
11597.553711  378 
-1011.613647  379 
5188.219238  380 
12507.902344  381 
2406.809082  382 
3682.024170  383 
12302.287109  384 
10793.525391  385 
14008.079102  386 
25274.517578  387 
11000.880859  388 
26523.314453  389 
27081.447266  390 
20068.804688  391 
27109.898438  392 
35268.085938  393 
36252.460938  394 
32685.781250  395 
31292.919922  396 
43586.242188  397 
40667.152344  398 
33841.109375  399 
34292.671875  400 
35757.558594  401 
44077.308594  402 
47859.972656  403 
37288.500000  404 
45691.667969  405 
40072.039062  406 
63409.128906  407 
53196.667969  408 
60992.398438  409 
60644.609375  410 
54136.667969  411 
56553.453125  412 
60300.687500  413 
60685.234375  414 
72492.812500  415 
53076.238281  416 
56838.777344  417 
64803.062500  418 
68471.046875  419 
57969.425781  420 
60281.867188  421 
70110.843750  422 
72371.335938  423 
71577.625000  424 
70875.117188  425 
70242.304688  426 
67054.992188  427 
67746.367188  428 
72690.148438  429 
77479.171875  430 
77208.359375  431 
57689.937500  432 
79549.296875  433 
72786.289062  434 
72253.945312  435 
70478.406250  436 
66279.734375  437 
66693.695312  438 
74994.000000  439 
56098.441406  440 
57077.660156  441 
71829.539062  442 
68531.734375  443 
63971.324219  444 
56727.351562  445 
59248.359375  446 
64163.636719  447 
64093.113281  448 
66352.609375  449 
61728.691406  450 
59698.628906  451 
60392.746094  452 
56323.878906  453 
54658.273438  454 
46112.531250  455 
53900.046875  456 
49727.531250  457 
54065.500000  458 
43059.675781  459 
56091.867188  460 
40970.597656  461 
35399.722656  462 
47262.824219  463 
43978.277344  464 
44369.445312  465 
31235.964844  466 
37605.105469  467 
42182.945312  468 
31142.796875  469 
32534.888672  470 
38067.886719  471 
18354.357422  472 
25789.830078  473 
19427.498047  474 
10355.834961  475 
23868.835938  476 
5140.140137  477 
20562.271484  478 
-533.172363  479 
4671.479004  480 
6206.190430  481 
3782.401611  482 
16175.902344  483 
13564.704102  484 
-3288.066162  485 
-6747.116211  486 
-3332.039307  487 
-5828.019531  488 
-9603.083984  489 
-10852.697266  490 
-9595.778320  491 
-17548.994141  492 
-1852.603394  493 
-13963.882812  494 
-19845.865234  495 
-16188.225586  496 
-31652.728516  497 
-13672.737305  498 
-30524.226562  499 
-38819.878906  500 
-34040.574219  501 
-30857.921875  502 
-27598.722656  503 
-24126.914062  504 
-43784.289062  505 
-37500.285156  506 
-36886.902344  507 
-49939.953125  508 
-49895.625000  509 
-43293.328125  510 
-54536.792969  511 
16  0.062747 
32  0.114208 
64  0.126256 
