
58744.460938  1 
80560.554688  2 
81153.781250  3 
65437.472656  4 
75154.960938  5 
68252.921875  6 
70357.601562  7 
69170.710938  8 
61920.203125  9 
67914.750000  10 
59266.609375  11 
64721.539062  12 
65426.574219  13 
61182.300781  14 
70019.882812  15 
76922.101562  16 
65306.136719  17 
58248.699219  18 
53409.261719  19 
63013.816406  20 
68545.679688  21 
54695.656250  22 
53861.511719  23 
43920.156250  24 
55224.152344  25 
56994.117188  26 
48735.894531  27 
47319.449219  28 
54156.574219  29 
42531.566406  30 
48145.632812  31 
34047.304688  32 
37551.156250  33 
32613.091797  34 
35278.757812  35 
42403.179688  36 
28402.078125  37 
21878.257812  38 
26445.648438  39 
22040.128906  40 
39005.812500  41 
25945.380859  42 
11270.552734  43 
30026.351562  44 
12677.521484  45 
15678.912109  46 
5241.865723  47 
7326.034180  48 
12967.814453  49 
2840.729736  50 
1743.536255  51 
20193.855469  52 
-5377.750977  53 
9430.267578  54 
-10788.236328  55 
-5749.574707  56 
-4988.572754  57 
-12976.416016  58 
-11736.587891  59 
3023.318848  60 
-5321.120117  61 
-18014.115234  62 
-23817.257812  63 
-18494.052734  64 
-16940.369141  65 
-27298.158203  66 
-28035.179688  67 
-39138.378906  68 
-31557.853516  69 
-30659.597656  70 
-31127.642578  71 
-31241.253906  72 
-41402.085938  73 
-40257.964844  74 
-38579.515625  75 
-42253.535156  76 
-48680.714844  77 
-44431.429688  78 
-36133.441406  79 
-47736.660156  80 
-45175.878906  81 
-51352.195312  82 
-60987.332031  83 
-36059.562500  84 
-58999.457031  85 
-57024.019531  86 
-65262.824219  87 
-58359.062500  88 
-62094.734375  89 
-61429.812500  90 
-49105.855469  91 
-53587.765625  92 
-69514.531250  93 
-52134.710938  94 
-50132.078125  95 
-66954.679688  96 
-56985.664062  97 
-61505.464844  98 
-65077.816406  99 
-44922.515625  100 
-57576.460938  101 
-63271.343750  102 
-76291.445312  103 
-62911.347656  104 
-54025.605469  105 
-67690.867188  106 
-58486.410156  107 
-73444.945312  108 
-65726.875000  109 
-71836.429688  110 
-66437.625000  111 
-71087.726562  112 
-61876.824219  113 
-72697.890625  114 
-60303.890625  115 
-59381.546875  116 
-68319.976562  117 
-68222.906250  118 
-75146.500000  119 
-65036.023438  120 
-74412.687500  121 
-64923.980469  122 
-60031.726562  123 
-55600.675781  124 
-64332.429688  125 
-59081.906250  126 
-68630.054688  127 
-57537.781250  128 
-60859.785156  129 
-61102.695312  130 
-52943.019531  131 
-55742.148438  132 
-48139.113281  133 
-50198.058594  134 
-44020.765625  135 
-38306.539062  136 
-56518.957031  137 
-44173.824219  138 
-42125.359375  139 
-30387.619141  140 
-39856.812500  141 
-37720.625000  142 
-42231.003906  143 
-32623.859375  144 
-35772.324219  145 
-39936.789062  146 
-27218.744141  147 
-33299.468750  148 
-27526.507812  149 
-20213.177734  150 
-32780.316406  151 
-15163.270508  152 
-16840.675781  153 
-15845.291992  154 
-14307.047852  155 
-6346.933594  156 
-6138.238770  157 
-17759.777344  158 
-8071.196777  159 
-7806.894531  160 
4126.604004  161 
7195.188477  162 
2373.465576  163 
5152.952148  164 
-1016.849731  165 
3896.646240  166 
15257.705078  167 
21949.214844  168 
11425.586914  169 
18086.216797  170 
16082.097656  171 
26289.519531  172 
15382.017578  173 
14810.376953  174 
30145.115234  175 
31876.322266  176 
37385.382812  177 
22326.210938  178 
19798.972656  179 
38406.558594  180 
32796.535156  181 
37917.000000  182 
28987.388672  183 
40586.484375  184 
44851.457031  185 
44932.007812  186 
48737.496094  187 
50989.281250  188 
52466.851562  189 
52609.812500  190 
54529.195312  191 
46469.062500  192 
55483.261719  193 
68860.242188  194 
59616.500000  195 
62987.597656  196 
62301.765625  197 
65944.242188  198 
61585.601562  199 
66157.023438  200 
62208.343750  201 
56992.937500  202 
57660.234375  203 
66920.101562  204 
77403.437500  205 
61903.683594  206 
59761.074219  207 
70408.257812  208 
68352.273438  209 
67385.070312  210 
65218.839844  211 
77282.023438  212 
63787.582031  213 
78757.179688  214 
67636.593750  215 
67722.734375  216 
71341.343750  217 
71363.546875  218 
63105.062500  219 
65738.554688  220 
66754.859375  221 
69972.125000  222 
71963.070312  223 
69189.984375  224 
62608.949219  225 
73956.031250  226 
59611.171875  227 
54623.980469  228 
65023.980469  229 
57228.144531  230 
50475.140625  231 
68364.148438  232 
66362.640625  233 
63723.269531  234 
57487.437500  235 
58918.917969  236 
56899.214844  237 
48939.464844  238 
59422.218750  239 
59839.339844  240 
39281.417969  241 
49572.894531  242 
39524.945312  243 
39468.253906  244 
38753.769531  245 
45712.667969  246 
39286.425781  247 
45154.785156  248 
29216.662109  249 
35545.343750  250 
38368.535156  251 
32892.953125  252 
25217.703125  253 
31034.041016  254 
26569.558594  255 
29518.951172  256 
23230.212891  257 
23646.435547  258 
26418.062500  259 
28205.121094  260 
12932.697266  261 
13030.744141  262 
10691.250977  263 
15536.503906  264 
6830.938477  265 
4981.262207  266 
2332.029541  267 
4308.431152  268 
-1366.338501  269 
-2838.551270  270 
4440.088867  271 
8664.250000  272 
-12252.353516  273 
-11027.997070  274 
-1990.781982  275 
-14912.484375  276 
-5498.898926  277 
-17556.207031  278 
-16671.205078  279 
-19654.775391  280 
-25932.912109  281 
-20759.634766  282 
-33253.183594  283 
-38005.132812  284 
-31347.652344  285 
-32233.378906  286 
-39135.093750  287 
-39830.039062  288 
-40657.093750  289 
-37952.222656  290 
-35519.597656  291 
-30111.478516  292 
-53918.218750  293 
-36908.343750  294 
-40808.570312  295 
-48609.898438  296 
-45612.355469  297 
-49962.148438  298 
-65645.460938  299 
-53126.500000  300 
-61283.554688  301 
-51292.472656  302 
-45862.554688  303 
-53650.398438  304 
-49353.710938  305 
-53343.988281  306 
-53349.554688  307 
-61315.476562  308 
-58444.632812  309 
-58436.789062  310 
-66111.187500  311 
-69162.062500  312 
-67361.945312  313 
-57589.941406  314 
-66442.070312  315 
-71373.664062  316 
-64176.281250  317 
-61631.921875  318 
-64037.511719  319 
-72331.507812  320 
-63103.726562  321 
-73780.414062  322 
-79824.742188  323 
-73603.265625  324 
-74192.664062  325 
-68944.546875  326 
-67559.539062  327 
-73824.695312  328 
-65477.328125  329 
-66483.882812  330 
-58126.953125  331 
-79279.281250  332 
-69347.414062  333 
-59897.027344  334 
-68795.328125  335 
-74465.796875  336 
-62977.804688  337 
-61535.050781  338 
-59574.410156  339 
-68187.304688  340 
-54885.125000  341 
-49844.234375  342 
-52177.957031  343 
-58219.390625  344 
-56608.109375  345 
-54462.410156  346 
-53147.292969  347 
-51119.468750  348 
-55322.761719  349 
-44935.082031  350 
-45073.242188  351 
-41350.769531  352 
-39607.390625  353 
-50059.058594  354 
-50047.281250  355 
-42112.878906  356 
-33453.933594  357 
-27336.115234  358 
-30868.535156  359 
-32188.943359  360 
-25294.279297  361 
-33721.746094  362 
-30047.011719  363 
-30041.341797  364 
-20955.066406  365 
-16812.777344  366 
-23827.166016  367 
-17079.818359  368 
-18330.191406  369 
-14428.230469  370 
-12593.861328  371 
-5607.953613  372 
-9958.489258  373 
-12334.109375  374 
-12856.276367  375 
9157.207031  376 
-40.937397  377 
11582.133789  378 
-1049.284424  379 
5182.674316  380 
12559.084961  381 
2395.031006  382 
3640.800049  383 
12255.957031  384 
10690.551758  385 
13990.064453  386 
25340.509766  387 
10912.021484  388 
26451.785156  389 
27057.458984  390 
20041.427734  391 
27076.560547  392 
35193.960938  393 
36236.101562  394 
32653.400391  395 
31360.474609  396 
43606.148438  397 
40581.937500  398 
33852.542969  399 
34355.109375  400 
35669.484375  401 
44147.539062  402 
47852.949219  403 
37339.671875  404 
45708.296875  405 
40143.656250  406 
63457.023438  407 
53104.875000  408 
60928.828125  409 
60595.683594  410 
54117.972656  411 
56522.187500  412 
60369.378906  413 
60708.183594  414 
72456.609375  415 
53096.851562  416 
56864.339844  417 
64774.238281  418 
68459.960938  419 
57950.191406  420 
60297.203125  421 
70119.062500  422 
72451.781250  423 
71492.242188  424 
70948.296875  425 
70281.531250  426 
67010.125000  427 
67755.632812  428 
72693.085938  429 
77509.734375  430 
77164.960938  431 
57752.457031  432 
79488.687500  433 
72728.273438  434 
72311.265625  435 
70443.156250  436 
66342.093750  437 
66692.132812  438 
74952.703125  439 
56141.816406  440 
57144.343750  441 
71834.039062  442 
68562.312500  443 
63945.867188  444 
56760.863281  445 
59287.417969  446 
64222.613281  447 
64076.062500  448 
66372.171875  449 
61746.878906  450 
59742.714844  451 
60482.042969  452 
56332.714844  453 
54604.578125  454 
46132.281250  455 
53987.246094  456 
49694.363281  457 
54139.957031  458 
43078.460938  459 
56083.382812  460 
41055.203125  461 
35414.359375  462 
47359.730469  463 
43982.968750  464 
44455.769531  465 
31249.035156  466 
37590.121094  467 
42271.449219  468 
31081.314453  469 
32501.980469  470 
38079.308594  471 
18446.939453  472 
25759.507812  473 
19509.250000  474 
10449.186523  475 
23877.064453  476 
5106.709961  477 
20524.251953  478 
-533.604370  479 
4757.047363  480 
6138.646484  481 
3820.676758  482 
16108.354492  483 
13602.893555  484 
-3293.089844  485 
-6705.985840  486 
-3374.385986  487 
-5812.773926  488 
-9531.376953  489 
-10869.067383  490 
-9497.056641  491 
-17580.859375  492 
-1782.716797  493 
-13866.719727  494 
-19873.324219  495 
-16096.002930  496 
-31635.146484  497 
-13689.018555  498 
-30568.566406  499 
-38810.613281  500 
-34004.644531  501 
-30843.726562  502 
-27612.666016  503 
-24061.185547  504 
-43714.574219  505 
-37463.921875  506 
-36817.621094  507 
-49956.675781  508 
-49916.414062  509 
-43311.074219  510 
-54557.910156  511 
1  0.012655 
2  0.025034 
3  0.036739 
4  0.025982 
5  0.032156 
6  0.035825 
7  0.041032 
8  0.046207 
