
58744.519531  1
80560.421875  2
81153.734375  3
65437.398438  4
75154.992188  5
68252.671875  6
70357.640625  7
69170.867188  8
61919.777344  9
67914.640625  10
59266.656250  11
64721.382812  12
65426.781250  13
61182.484375  14
70020.093750  15
76922.117188  16
65306.269531  17
58248.285156  18
53409.152344  19
63013.859375  20
68545.406250  21
54695.835938  22
53861.523438  23
43920.382812  24
55223.992188  25
56994.187500  26
48735.765625  27
47319.222656  28
54156.632812  29
42531.218750  30
48145.632812  31
34047.371094  32
37551.183594  33
32613.230469  34
35278.710938  35
42403.312500  36
28402.048828  37
21878.324219  38
26445.767578  39
22040.085938  40
39005.777344  41
25945.382812  42
11270.552734  43
30026.447266  44
12677.536133  45
15678.941406  46
5241.849609  47
7326.030273  48
12967.726562  49
2840.752441  50
1743.527588  51
20193.824219  52
-5377.791016  53
9430.279297  54
-10788.208008  55
-5749.561523  56
-4988.578613  57
-12976.431641  58
-11736.612305  59
3023.320312  60
-5321.103516  61
-18014.046875  62
-23817.296875  63
-18493.996094  64
-16940.394531  65
-27298.089844  66
-28035.185547  67
-39138.464844  68
-31557.843750  69
-30659.574219  70
-31127.808594  71
-31241.152344  72
-41401.890625  73
-40257.972656  74
-38579.695312  75
-42253.289062  76
-48680.707031  77
-44431.425781  78
-36133.433594  79
-47736.675781  80
-45176.007812  81
-51352.398438  82
-60987.460938  83
-36059.492188  84
-58999.167969  85
-57023.859375  86
-65262.851562  87
-58358.968750  88
-62094.703125  89
-61429.652344  90
-49105.992188  91
-53587.667969  92
-69514.085938  93
-52134.378906  94
-50132.093750  95
-66954.679688  96
-56985.812500  97
-61505.324219  98
-65077.789062  99
-44922.500000  100
-57576.632812  101
-63271.359375  102
-76291.312500  103
-62911.593750  104
-54025.945312  105
-67690.640625  106
-58486.257812  107
-73444.984375  108
-65726.703125  109
-71836.585938  110
-66437.460938  111
-71087.539062  112
-61876.714844  113
-72698.054688  114
-60304.195312  115
-59381.855469  116
-68319.906250  117
-68223.117188  118
-75146.578125  119
-65036.039062  120
-74412.718750  121
-64923.882812  122
-60031.886719  123
-55600.886719  124
-64332.351562  125
-59081.695312  126
-68630.656250  127
-57537.605469  128
-60860.078125  129
-61102.632812  130
-52942.933594  131
-55742.035156  132
-48139.218750  133
-50198.171875  134
-44020.500000  135
-38306.578125  136
-56519.089844  137
-44173.828125  138
-42125.187500  139
-30387.472656  140
-39856.972656  141
-37720.726562  142
-42230.804688  143
-32623.939453  144
-35772.269531  145
-39936.925781  146
-27218.687500  147
-33299.652344  148
-27526.412109  149
-20213.195312  150
-32780.359375  151
-15163.366211  152
-16840.681641  153
-15845.326172  154
-14307.029297  155
-6346.959961  156
-6138.244629  157
-17759.763672  158
-8071.202148  159
-7806.897461  160
4126.596191  161
7195.168945  162
2373.435791  163
5152.993164  164
-1016.874817  165
3896.648926  166
15257.780273  167
21949.224609  168
11425.616211  169
18086.164062  170
16082.191406  171
26289.617188  172
15382.060547  173
14810.409180  174
30145.041016  175
31876.335938  176
37385.671875  177
22326.291016  178
19798.960938  179
38406.578125  180
32796.648438  181
37916.878906  182
28987.425781  183
40586.164062  184
44851.710938  185
44931.832031  186
48737.394531  187
50989.066406  188
52466.722656  189
52610.117188  190
54529.117188  191
46469.050781  192
55483.019531  193
68860.390625  194
59616.699219  195
62987.421875  196
62301.703125  197
65943.875000  198
61585.671875  199
66156.929688  200
62208.257812  201
56992.859375  202
57660.195312  203
66920.125000  204
77403.312500  205
61903.609375  206
59761.242188  207
70408.093750  208
68352.359375  209
67384.507812  210
65218.546875  211
77281.554688  212
63787.847656  213
78757.343750  214
67636.609375  215
67722.523438  216
71341.492188  217
71363.742188  218
63105.214844  219
65738.609375  220
66754.898438  221
69971.976562  222
71963.078125  223
69190.226562  224
62609.031250  225
73956.187500  226
59611.250000  227
54624.312500  228
65023.902344  229
57228.335938  230
50475.253906  231
68363.984375  232
66362.257812  233
63723.273438  234
57487.242188  235
58918.816406  236
56899.343750  237
48939.207031  238
59422.332031  239
59839.605469  240
39281.191406  241
49572.757812  242
39524.906250  243
39468.085938  244
38753.921875  245
45712.707031  246
39286.335938  247
45154.855469  248
29216.625000  249
35545.234375  250
38368.503906  251
32893.074219  252
25217.707031  253
31033.876953  254
26569.646484  255
29518.968750  256
23230.232422  257
23646.468750  258
26418.046875  259
28205.025391  260
12932.629883  261
13030.765625  262
10691.253906  263
15536.426758  264
6830.920898  265
4981.248047  266
2332.035889  267
4308.439941  268
-1366.348145  269
-2838.576172  270
4440.094727  271
8664.209961  272
-12252.375977  273
-11028.105469  274
-1990.782837  275
-14912.441406  276
-5498.937988  277
-17556.130859  278
-16671.189453  279
-19654.789062  280
-25932.933594  281
-20759.634766  282
-33253.281250  283
-38004.996094  284
-31347.515625  285
-32233.556641  286
-39135.023438  287
-39830.046875  288
-40656.886719  289
-37952.210938  290
-35519.632812  291
-30111.294922  292
-53918.226562  293
-36908.183594  294
-40808.386719  295
-48609.945312  296
-45612.585938  297
-49962.046875  298
-65645.468750  299
-53126.453125  300
-61283.757812  301
-51292.468750  302
-45862.492188  303
-53650.269531  304
-49353.785156  305
-53343.976562  306
-53349.585938  307
-61315.453125  308
-58444.664062  309
-58436.812500  310
-66110.859375  311
-69162.093750  312
-67362.031250  313
-57589.652344  314
-66441.859375  315
-71373.882812  316
-64176.332031  317
-61631.949219  318
-64037.328125  319
-72331.468750  320
-63103.515625  321
-73780.226562  322
-79825.078125  323
-73603.375000  324
-74192.968750  325
-68944.351562  326
-67559.921875  327
-73824.453125  328
-65477.257812  329
-66483.828125  330
-58126.984375  331
-79279.359375  332
-69347.289062  333
-59897.000000  334
-68795.335938  335
-74465.304688  336
-62977.671875  337
-61535.375000  338
-59574.445312  339
-68187.296875  340
-54885.187500  341
-49844.460938  342
-52177.914062  343
-58219.503906  344
-56607.957031  345
-54462.671875  346
-53147.480469  347
-51119.433594  348
-55323.082031  349
-44935.085938  350
-45073.304688  351
-41350.785156  352
-39607.503906  353
-50059.019531  354
-50047.031250  355
-42112.867188  356
-33454.007812  357
-27336.261719  358
-30868.396484  359
-32188.962891  360
-25294.304688  361
-33721.914062  362
-30047.082031  363
-30041.236328  364
-20955.085938  365
-16812.769531  366
-23827.228516  367
-17080.015625  368
-18330.183594  369
-14428.251953  370
-12593.836914  371
-5607.975586  372
-9958.504883  373
-12334.116211  374
-12856.273438  375
9157.187500  376
-40.925293  377
11582.153320  378
-1049.279053  379
5182.671387  380
12559.077148  381
2395.029785  382
3640.780762  383
12255.933594  384
10690.484375  385
13990.011719  386
25340.525391  387
10912.063477  388
26451.769531  389
27057.488281  390
20041.298828  391
27076.580078  392
35194.031250  393
36235.929688  394
32653.474609  395
31360.531250  396
43606.191406  397
40581.863281  398
33852.515625  399
34355.011719  400
35669.523438  401
44147.351562  402
47853.085938  403
37339.800781  404
45708.335938  405
40143.468750  406
63457.007812  407
53105.238281  408
60928.875000  409
60595.718750  410
54118.109375  411
56522.007812  412
60369.484375  413
60708.128906  414
72456.750000  415
53097.148438  416
56864.363281  417
64774.308594  418
68459.812500  419
57950.070312  420
60297.511719  421
70119.093750  422
72451.781250  423
71491.937500  424
70948.078125  425
70281.445312  426
67009.921875  427
67755.773438  428
72692.609375  429
77509.835938  430
77164.687500  431
57752.375000  432
79488.859375  433
72728.710938  434
72311.406250  435
70443.179688  436
66341.851562  437
66692.343750  438
74952.421875  439
56141.742188  440
57144.156250  441
71834.093750  442
68562.328125  443
63945.960938  444
56760.980469  445
59287.304688  446
64222.593750  447
64075.910156  448
66372.234375  449
61746.824219  450
59742.890625  451
60481.898438  452
56332.804688  453
54604.328125  454
46132.437500  455
53987.335938  456
49694.324219  457
54140.078125  458
43078.421875  459
56083.214844  460
41055.117188  461
35414.488281  462
47359.867188  463
43982.890625  464
44455.808594  465
31249.019531  466
37590.066406  467
42271.484375  468
31081.445312  469
32501.968750  470
38079.230469  471
18446.925781  472
25759.566406  473
19509.324219  474
10449.248047  475
23877.167969  476
5106.708984  477
20524.285156  478
-533.583252  479
4757.031738  480
6138.680176  481
3820.683594  482
16108.281250  483
13602.815430  484
-3293.104492  485
-6705.978516  486
-3374.394531  487
-5812.786133  488
-9531.356445  489
-10869.091797  490
-9497.035156  491
-17580.867188  492
-1782.704346  493
-13866.780273  494
-19873.341797  495
-16096.039062  496
-31635.130859  497
-13689.007812  498
-30568.621094  499
-38810.773438  500
-34004.718750  501
-30843.855469  502
-27612.685547  503
-24061.126953  504
-43714.355469  505
-37463.851562  506
-36817.546875  507
-49956.714844  508
-49916.312500  509
-43310.910156  510
-54557.812500  511
1 0.060180
58744.519531  1 
80560.421875  2 
81153.734375  3 
65437.398438  4 
75154.992188  5 
68252.671875  6 
70357.640625  7 
69170.867188  8 
61919.777344  9 
67914.640625  10 
59266.656250  11 
64721.382812  12 
65426.781250  13 
61182.484375  14 
70020.093750  15 
76922.117188  16 
65306.269531  17 
58248.285156  18 
53409.152344  19 
63013.859375  20 
68545.406250  21 
54695.835938  22 
53861.523438  23 
43920.382812  24 
55223.992188  25 
56994.187500  26 
48735.765625  27 
47319.222656  28 
54156.632812  29 
42531.218750  30 
48145.632812  31 
34047.371094  32 
37551.183594  33 
32613.230469  34 
35278.710938  35 
42403.312500  36 
28402.048828  37 
21878.324219  38 
26445.767578  39 
22040.085938  40 
39005.777344  41 
25945.382812  42 
11270.552734  43 
30026.447266  44 
12677.536133  45 
15678.941406  46 
5241.849609  47 
7326.030273  48 
12967.726562  49 
2840.752441  50 
1743.527588  51 
20193.824219  52 
-5377.791016  53 
9430.279297  54 
-10788.208008  55 
-5749.561523  56 
-4988.578613  57 
-12976.431641  58 
-11736.612305  59 
3023.320312  60 
-5321.103516  61 
-18014.046875  62 
-23817.296875  63 
-18493.996094  64 
-16940.394531  65 
-27298.089844  66 
-28035.185547  67 
-39138.464844  68 
-31557.843750  69 
-30659.574219  70 
-31127.808594  71 
-31241.152344  72 
-41401.890625  73 
-40257.972656  74 
-38579.695312  75 
-42253.289062  76 
-48680.707031  77 
-44431.425781  78 
-36133.433594  79 
-47736.675781  80 
-45176.007812  81 
-51352.398438  82 
-60987.460938  83 
-36059.492188  84 
-58999.167969  85 
-57023.859375  86 
-65262.851562  87 
-58358.968750  88 
-62094.703125  89 
-61429.652344  90 
-49105.992188  91 
-53587.667969  92 
-69514.085938  93 
-52134.378906  94 
-50132.093750  95 
-66954.679688  96 
-56985.812500  97 
-61505.324219  98 
-65077.789062  99 
-44922.500000  100 
-57576.632812  101 
-63271.359375  102 
-76291.312500  103 
-62911.593750  104 
-54025.945312  105 
-67690.640625  106 
-58486.257812  107 
-73444.984375  108 
-65726.703125  109 
-71836.585938  110 
-66437.460938  111 
-71087.539062  112 
-61876.714844  113 
-72698.054688  114 
-60304.195312  115 
-59381.855469  116 
-68319.906250  117 
-68223.117188  118 
-75146.578125  119 
-65036.039062  120 
-74412.718750  121 
-64923.882812  122 
-60031.886719  123 
-55600.886719  124 
-64332.351562  125 
-59081.695312  126 
-68630.656250  127 
-57537.605469  128 
-60860.078125  129 
-61102.632812  130 
-52942.933594  131 
-55742.035156  132 
-48139.218750  133 
-50198.171875  134 
-44020.500000  135 
-38306.578125  136 
-56519.089844  137 
-44173.828125  138 
-42125.187500  139 
-30387.472656  140 
-39856.972656  141 
-37720.726562  142 
-42230.804688  143 
-32623.939453  144 
-35772.269531  145 
-39936.925781  146 
-27218.687500  147 
-33299.652344  148 
-27526.412109  149 
-20213.195312  150 
-32780.359375  151 
-15163.366211  152 
-16840.681641  153 
-15845.326172  154 
-14307.029297  155 
-6346.959961  156 
-6138.244629  157 
-17759.763672  158 
-8071.202148  159 
-7806.897461  160 
4126.596191  161 
7195.168945  162 
2373.435791  163 
5152.993164  164 
-1016.874817  165 
3896.648926  166 
15257.780273  167 
21949.224609  168 
11425.616211  169 
18086.164062  170 
16082.191406  171 
26289.617188  172 
15382.060547  173 
14810.409180  174 
30145.041016  175 
31876.335938  176 
37385.671875  177 
22326.291016  178 
19798.960938  179 
38406.578125  180 
32796.648438  181 
37916.878906  182 
28987.425781  183 
40586.164062  184 
44851.710938  185 
44931.832031  186 
48737.394531  187 
50989.066406  188 
52466.722656  189 
52610.117188  190 
54529.117188  191 
46469.050781  192 
55483.019531  193 
68860.390625  194 
59616.699219  195 
62987.421875  196 
62301.703125  197 
65943.875000  198 
61585.671875  199 
66156.929688  200 
62208.257812  201 
56992.859375  202 
57660.195312  203 
66920.125000  204 
77403.312500  205 
61903.609375  206 
59761.242188  207 
70408.093750  208 
68352.359375  209 
67384.507812  210 
65218.546875  211 
77281.554688  212 
63787.847656  213 
78757.343750  214 
67636.609375  215 
67722.523438  216 
71341.492188  217 
71363.742188  218 
63105.214844  219 
65738.609375  220 
66754.898438  221 
69971.976562  222 
71963.078125  223 
69190.226562  224 
62609.031250  225 
73956.187500  226 
59611.250000  227 
54624.312500  228 
65023.902344  229 
57228.335938  230 
50475.253906  231 
68363.984375  232 
66362.257812  233 
63723.273438  234 
57487.242188  235 
58918.816406  236 
56899.343750  237 
48939.207031  238 
59422.332031  239 
59839.605469  240 
39281.191406  241 
49572.757812  242 
39524.906250  243 
39468.085938  244 
38753.921875  245 
45712.707031  246 
39286.335938  247 
45154.855469  248 
29216.625000  249 
35545.234375  250 
38368.503906  251 
32893.074219  252 
25217.707031  253 
31033.876953  254 
26569.646484  255 
29518.968750  256 
23230.232422  257 
23646.468750  258 
26418.046875  259 
28205.025391  260 
12932.629883  261 
13030.765625  262 
10691.253906  263 
15536.426758  264 
6830.920898  265 
4981.248047  266 
2332.035889  267 
4308.439941  268 
-1366.348145  269 
-2838.576172  270 
4440.094727  271 
8664.209961  272 
-12252.375977  273 
-11028.105469  274 
-1990.782837  275 
-14912.441406  276 
-5498.937988  277 
-17556.130859  278 
-16671.189453  279 
-19654.789062  280 
-25932.933594  281 
-20759.634766  282 
-33253.281250  283 
-38004.996094  284 
-31347.515625  285 
-32233.556641  286 
-39135.023438  287 
-39830.046875  288 
-40656.886719  289 
-37952.210938  290 
-35519.632812  291 
-30111.294922  292 
-53918.226562  293 
-36908.183594  294 
-40808.386719  295 
-48609.945312  296 
-45612.585938  297 
-49962.046875  298 
-65645.468750  299 
-53126.453125  300 
-61283.757812  301 
-51292.468750  302 
-45862.492188  303 
-53650.269531  304 
-49353.785156  305 
-53343.976562  306 
-53349.585938  307 
-61315.453125  308 
-58444.664062  309 
-58436.812500  310 
-66110.859375  311 
-69162.093750  312 
-67362.031250  313 
-57589.652344  314 
-66441.859375  315 
-71373.882812  316 
-64176.332031  317 
-61631.949219  318 
-64037.328125  319 
-72331.468750  320 
-63103.515625  321 
-73780.226562  322 
-79825.078125  323 
-73603.375000  324 
-74192.968750  325 
-68944.351562  326 
-67559.921875  327 
-73824.453125  328 
-65477.257812  329 
-66483.828125  330 
-58126.984375  331 
-79279.359375  332 
-69347.289062  333 
-59897.000000  334 
-68795.335938  335 
-74465.304688  336 
-62977.671875  337 
-61535.375000  338 
-59574.445312  339 
-68187.296875  340 
-54885.187500  341 
-49844.460938  342 
-52177.914062  343 
-58219.503906  344 
-56607.957031  345 
-54462.671875  346 
-53147.480469  347 
-51119.433594  348 
-55323.082031  349 
-44935.085938  350 
-45073.304688  351 
-41350.785156  352 
-39607.503906  353 
-50059.019531  354 
-50047.031250  355 
-42112.867188  356 
-33454.007812  357 
-27336.261719  358 
-30868.396484  359 
-32188.962891  360 
-25294.304688  361 
-33721.914062  362 
-30047.082031  363 
-30041.236328  364 
-20955.085938  365 
-16812.769531  366 
-23827.228516  367 
-17080.015625  368 
-18330.183594  369 
-14428.251953  370 
-12593.836914  371 
-5607.975586  372 
-9958.504883  373 
-12334.116211  374 
-12856.273438  375 
9157.187500  376 
-40.925293  377 
11582.153320  378 
-1049.279053  379 
5182.671387  380 
12559.077148  381 
2395.029785  382 
3640.780762  383 
12255.933594  384 
10690.484375  385 
13990.011719  386 
25340.525391  387 
10912.063477  388 
26451.769531  389 
27057.488281  390 
20041.298828  391 
27076.580078  392 
35194.031250  393 
36235.929688  394 
32653.474609  395 
31360.531250  396 
43606.191406  397 
40581.863281  398 
33852.515625  399 
34355.011719  400 
35669.523438  401 
44147.351562  402 
47853.085938  403 
37339.800781  404 
45708.335938  405 
40143.468750  406 
63457.007812  407 
53105.238281  408 
60928.875000  409 
60595.718750  410 
54118.109375  411 
56522.007812  412 
60369.484375  413 
60708.128906  414 
72456.750000  415 
53097.148438  416 
56864.363281  417 
64774.308594  418 
68459.812500  419 
57950.070312  420 
60297.511719  421 
70119.093750  422 
72451.781250  423 
71491.937500  424 
70948.078125  425 
70281.445312  426 
67009.921875  427 
67755.773438  428 
72692.609375  429 
77509.835938  430 
77164.687500  431 
57752.375000  432 
79488.859375  433 
72728.710938  434 
72311.406250  435 
70443.179688  436 
66341.851562  437 
66692.343750  438 
74952.421875  439 
56141.742188  440 
57144.156250  441 
71834.093750  442 
68562.328125  443 
63945.960938  444 
56760.980469  445 
59287.304688  446 
64222.593750  447 
64075.910156  448 
66372.234375  449 
61746.824219  450 
59742.890625  451 
60481.898438  452 
56332.804688  453 
54604.328125  454 
46132.437500  455 
53987.335938  456 
49694.324219  457 
54140.078125  458 
43078.421875  459 
56083.214844  460 
41055.117188  461 
35414.488281  462 
47359.867188  463 
43982.890625  464 
44455.808594  465 
31249.019531  466 
37590.066406  467 
42271.484375  468 
31081.445312  469 
32501.968750  470 
38079.230469  471 
18446.925781  472 
25759.566406  473 
19509.324219  474 
10449.248047  475 
23877.167969  476 
5106.708984  477 
20524.285156  478 
-533.583252  479 
4757.031738  480 
6138.680176  481 
3820.683594  482 
16108.281250  483 
13602.815430  484 
-3293.104492  485 
-6705.978516  486 
-3374.394531  487 
-5812.786133  488 
-9531.356445  489 
-10869.091797  490 
-9497.035156  491 
-17580.867188  492 
-1782.704346  493 
-13866.780273  494 
-19873.341797  495 
-16096.039062  496 
-31635.130859  497 
-13689.007812  498 
-30568.621094  499 
-38810.773438  500 
-34004.718750  501 
-30843.855469  502 
-27612.685547  503 
-24061.126953  504 
-43714.355469  505 
-37463.851562  506 
-36817.546875  507 
-49956.714844  508 
-49916.312500  509 
-43310.910156  510 
-54557.812500  511 
1 0.059893 
58744.519531  1 
80560.421875  2 
81153.734375  3 
65437.398438  4 
75154.992188  5 
68252.671875  6 
70357.640625  7 
69170.867188  8 
61919.777344  9 
67914.640625  10 
59266.656250  11 
64721.382812  12 
65426.781250  13 
61182.484375  14 
70020.093750  15 
76922.117188  16 
65306.269531  17 
58248.285156  18 
53409.152344  19 
63013.859375  20 
68545.406250  21 
54695.835938  22 
53861.523438  23 
43920.382812  24 
55223.992188  25 
56994.187500  26 
48735.765625  27 
47319.222656  28 
54156.632812  29 
42531.218750  30 
48145.632812  31 
34047.371094  32 
37551.183594  33 
32613.230469  34 
35278.710938  35 
42403.312500  36 
28402.048828  37 
21878.324219  38 
26445.767578  39 
22040.085938  40 
39005.777344  41 
25945.382812  42 
11270.552734  43 
30026.447266  44 
12677.536133  45 
15678.941406  46 
5241.849609  47 
7326.030273  48 
12967.726562  49 
2840.752441  50 
1743.527588  51 
20193.824219  52 
-5377.791016  53 
9430.279297  54 
-10788.208008  55 
-5749.561523  56 
-4988.578613  57 
-12976.431641  58 
-11736.612305  59 
3023.320312  60 
-5321.103516  61 
-18014.046875  62 
-23817.296875  63 
-18493.996094  64 
-16940.394531  65 
-27298.089844  66 
-28035.185547  67 
-39138.464844  68 
-31557.843750  69 
-30659.574219  70 
-31127.808594  71 
-31241.152344  72 
-41401.890625  73 
-40257.972656  74 
-38579.695312  75 
-42253.289062  76 
-48680.707031  77 
-44431.425781  78 
-36133.433594  79 
-47736.675781  80 
-45176.007812  81 
-51352.398438  82 
-60987.460938  83 
-36059.492188  84 
-58999.167969  85 
-57023.859375  86 
-65262.851562  87 
-58358.968750  88 
-62094.703125  89 
-61429.652344  90 
-49105.992188  91 
-53587.667969  92 
-69514.085938  93 
-52134.378906  94 
-50132.093750  95 
-66954.679688  96 
-56985.812500  97 
-61505.324219  98 
-65077.789062  99 
-44922.500000  100 
-57576.632812  101 
-63271.359375  102 
-76291.312500  103 
-62911.593750  104 
-54025.945312  105 
-67690.640625  106 
-58486.257812  107 
-73444.984375  108 
-65726.703125  109 
-71836.585938  110 
-66437.460938  111 
-71087.539062  112 
-61876.714844  113 
-72698.054688  114 
-60304.195312  115 
-59381.855469  116 
-68319.906250  117 
-68223.117188  118 
-75146.578125  119 
-65036.039062  120 
-74412.718750  121 
-64923.882812  122 
-60031.886719  123 
-55600.886719  124 
-64332.351562  125 
-59081.695312  126 
-68630.656250  127 
-57537.605469  128 
-60860.078125  129 
-61102.632812  130 
-52942.933594  131 
-55742.035156  132 
-48139.218750  133 
-50198.171875  134 
-44020.500000  135 
-38306.578125  136 
-56519.089844  137 
-44173.828125  138 
-42125.187500  139 
-30387.472656  140 
-39856.972656  141 
-37720.726562  142 
-42230.804688  143 
-32623.939453  144 
-35772.269531  145 
-39936.925781  146 
-27218.687500  147 
-33299.652344  148 
-27526.412109  149 
-20213.195312  150 
-32780.359375  151 
-15163.366211  152 
-16840.681641  153 
-15845.326172  154 
-14307.029297  155 
-6346.959961  156 
-6138.244629  157 
-17759.763672  158 
-8071.202148  159 
-7806.897461  160 
4126.596191  161 
7195.168945  162 
2373.435791  163 
5152.993164  164 
-1016.874817  165 
3896.648926  166 
15257.780273  167 
21949.224609  168 
11425.616211  169 
18086.164062  170 
16082.191406  171 
26289.617188  172 
15382.060547  173 
14810.409180  174 
30145.041016  175 
31876.335938  176 
37385.671875  177 
22326.291016  178 
19798.960938  179 
38406.578125  180 
32796.648438  181 
37916.878906  182 
28987.425781  183 
40586.164062  184 
44851.710938  185 
44931.832031  186 
48737.394531  187 
50989.066406  188 
52466.722656  189 
52610.117188  190 
54529.117188  191 
46469.050781  192 
55483.019531  193 
68860.390625  194 
59616.699219  195 
62987.421875  196 
62301.703125  197 
65943.875000  198 
61585.671875  199 
66156.929688  200 
62208.257812  201 
56992.859375  202 
57660.195312  203 
66920.125000  204 
77403.312500  205 
61903.609375  206 
59761.242188  207 
70408.093750  208 
68352.359375  209 
67384.507812  210 
65218.546875  211 
77281.554688  212 
63787.847656  213 
78757.343750  214 
67636.609375  215 
67722.523438  216 
71341.492188  217 
71363.742188  218 
63105.214844  219 
65738.609375  220 
66754.898438  221 
69971.976562  222 
71963.078125  223 
69190.226562  224 
62609.031250  225 
73956.187500  226 
59611.250000  227 
54624.312500  228 
65023.902344  229 
57228.335938  230 
50475.253906  231 
68363.984375  232 
66362.257812  233 
63723.273438  234 
57487.242188  235 
58918.816406  236 
56899.343750  237 
48939.207031  238 
59422.332031  239 
59839.605469  240 
39281.191406  241 
49572.757812  242 
39524.906250  243 
39468.085938  244 
38753.921875  245 
45712.707031  246 
39286.335938  247 
45154.855469  248 
29216.625000  249 
35545.234375  250 
38368.503906  251 
32893.074219  252 
25217.707031  253 
31033.876953  254 
26569.646484  255 
29518.968750  256 
23230.232422  257 
23646.468750  258 
26418.046875  259 
28205.025391  260 
12932.629883  261 
13030.765625  262 
10691.253906  263 
15536.426758  264 
6830.920898  265 
4981.248047  266 
2332.035889  267 
4308.439941  268 
-1366.348145  269 
-2838.576172  270 
4440.094727  271 
8664.209961  272 
-12252.375977  273 
-11028.105469  274 
-1990.782837  275 
-14912.441406  276 
-5498.937988  277 
-17556.130859  278 
-16671.189453  279 
-19654.789062  280 
-25932.933594  281 
-20759.634766  282 
-33253.281250  283 
-38004.996094  284 
-31347.515625  285 
-32233.556641  286 
-39135.023438  287 
-39830.046875  288 
-40656.886719  289 
-37952.210938  290 
-35519.632812  291 
-30111.294922  292 
-53918.226562  293 
-36908.183594  294 
-40808.386719  295 
-48609.945312  296 
-45612.585938  297 
-49962.046875  298 
-65645.468750  299 
-53126.453125  300 
-61283.757812  301 
-51292.468750  302 
-45862.492188  303 
-53650.269531  304 
-49353.785156  305 
-53343.976562  306 
-53349.585938  307 
-61315.453125  308 
-58444.664062  309 
-58436.812500  310 
-66110.859375  311 
-69162.093750  312 
-67362.031250  313 
-57589.652344  314 
-66441.859375  315 
-71373.882812  316 
-64176.332031  317 
-61631.949219  318 
-64037.328125  319 
-72331.468750  320 
-63103.515625  321 
-73780.226562  322 
-79825.078125  323 
-73603.375000  324 
-74192.968750  325 
-68944.351562  326 
-67559.921875  327 
-73824.453125  328 
-65477.257812  329 
-66483.828125  330 
-58126.984375  331 
-79279.359375  332 
-69347.289062  333 
-59897.000000  334 
-68795.335938  335 
-74465.304688  336 
-62977.671875  337 
-61535.375000  338 
-59574.445312  339 
-68187.296875  340 
-54885.187500  341 
-49844.460938  342 
-52177.914062  343 
-58219.503906  344 
-56607.957031  345 
-54462.671875  346 
-53147.480469  347 
-51119.433594  348 
-55323.082031  349 
-44935.085938  350 
-45073.304688  351 
-41350.785156  352 
-39607.503906  353 
-50059.019531  354 
-50047.031250  355 
-42112.867188  356 
-33454.007812  357 
-27336.261719  358 
-30868.396484  359 
-32188.962891  360 
-25294.304688  361 
-33721.914062  362 
-30047.082031  363 
-30041.236328  364 
-20955.085938  365 
-16812.769531  366 
-23827.228516  367 
-17080.015625  368 
-18330.183594  369 
-14428.251953  370 
-12593.836914  371 
-5607.975586  372 
-9958.504883  373 
-12334.116211  374 
-12856.273438  375 
9157.187500  376 
-40.925293  377 
11582.153320  378 
-1049.279053  379 
5182.671387  380 
12559.077148  381 
2395.029785  382 
3640.780762  383 
12255.933594  384 
10690.484375  385 
13990.011719  386 
25340.525391  387 
10912.063477  388 
26451.769531  389 
27057.488281  390 
20041.298828  391 
27076.580078  392 
35194.031250  393 
36235.929688  394 
32653.474609  395 
31360.531250  396 
43606.191406  397 
40581.863281  398 
33852.515625  399 
34355.011719  400 
35669.523438  401 
44147.351562  402 
47853.085938  403 
37339.800781  404 
45708.335938  405 
40143.468750  406 
63457.007812  407 
53105.238281  408 
60928.875000  409 
60595.718750  410 
54118.109375  411 
56522.007812  412 
60369.484375  413 
60708.128906  414 
72456.750000  415 
53097.148438  416 
56864.363281  417 
64774.308594  418 
68459.812500  419 
57950.070312  420 
60297.511719  421 
70119.093750  422 
72451.781250  423 
71491.937500  424 
70948.078125  425 
70281.445312  426 
67009.921875  427 
67755.773438  428 
72692.609375  429 
77509.835938  430 
77164.687500  431 
57752.375000  432 
79488.859375  433 
72728.710938  434 
72311.406250  435 
70443.179688  436 
66341.851562  437 
66692.343750  438 
74952.421875  439 
56141.742188  440 
57144.156250  441 
71834.093750  442 
68562.328125  443 
63945.960938  444 
56760.980469  445 
59287.304688  446 
64222.593750  447 
64075.910156  448 
66372.234375  449 
61746.824219  450 
59742.890625  451 
60481.898438  452 
56332.804688  453 
54604.328125  454 
46132.437500  455 
53987.335938  456 
49694.324219  457 
54140.078125  458 
43078.421875  459 
56083.214844  460 
41055.117188  461 
35414.488281  462 
47359.867188  463 
43982.890625  464 
44455.808594  465 
31249.019531  466 
37590.066406  467 
42271.484375  468 
31081.445312  469 
32501.968750  470 
38079.230469  471 
18446.925781  472 
25759.566406  473 
19509.324219  474 
10449.248047  475 
23877.167969  476 
5106.708984  477 
20524.285156  478 
-533.583252  479 
4757.031738  480 
6138.680176  481 
3820.683594  482 
16108.281250  483 
13602.815430  484 
-3293.104492  485 
-6705.978516  486 
-3374.394531  487 
-5812.786133  488 
-9531.356445  489 
-10869.091797  490 
-9497.035156  491 
-17580.867188  492 
-1782.704346  493 
-13866.780273  494 
-19873.341797  495 
-16096.039062  496 
-31635.130859  497 
-13689.007812  498 
-30568.621094  499 
-38810.773438  500 
-34004.718750  501 
-30843.855469  502 
-27612.685547  503 
-24061.126953  504 
-43714.355469  505 
-37463.851562  506 
-36817.546875  507 
-49956.714844  508 
-49916.312500  509 
-43310.910156  510 
-54557.812500  511 
1 0.060006 
58744.519531  1 
80560.421875  2 
81153.734375  3 
65437.398438  4 
75154.992188  5 
68252.671875  6 
70357.640625  7 
69170.867188  8 
61919.777344  9 
67914.640625  10 
59266.656250  11 
64721.382812  12 
65426.781250  13 
61182.484375  14 
70020.093750  15 
76922.117188  16 
65306.269531  17 
58248.285156  18 
53409.152344  19 
63013.859375  20 
68545.406250  21 
54695.835938  22 
53861.523438  23 
43920.382812  24 
55223.992188  25 
56994.187500  26 
48735.765625  27 
47319.222656  28 
54156.632812  29 
42531.218750  30 
48145.632812  31 
34047.371094  32 
37551.183594  33 
32613.230469  34 
35278.710938  35 
42403.312500  36 
28402.048828  37 
21878.324219  38 
26445.767578  39 
22040.085938  40 
39005.777344  41 
25945.382812  42 
11270.552734  43 
30026.447266  44 
12677.536133  45 
15678.941406  46 
5241.849609  47 
7326.030273  48 
12967.726562  49 
2840.752441  50 
1743.527588  51 
20193.824219  52 
-5377.791016  53 
9430.279297  54 
-10788.208008  55 
-5749.561523  56 
-4988.578613  57 
-12976.431641  58 
-11736.612305  59 
3023.320312  60 
-5321.103516  61 
-18014.046875  62 
-23817.296875  63 
-18493.996094  64 
-16940.394531  65 
-27298.089844  66 
-28035.185547  67 
-39138.464844  68 
-31557.843750  69 
-30659.574219  70 
-31127.808594  71 
-31241.152344  72 
-41401.890625  73 
-40257.972656  74 
-38579.695312  75 
-42253.289062  76 
-48680.707031  77 
-44431.425781  78 
-36133.433594  79 
-47736.675781  80 
-45176.007812  81 
-51352.398438  82 
-60987.460938  83 
-36059.492188  84 
-58999.167969  85 
-57023.859375  86 
-65262.851562  87 
-58358.968750  88 
-62094.703125  89 
-61429.652344  90 
-49105.992188  91 
-53587.667969  92 
-69514.085938  93 
-52134.378906  94 
-50132.093750  95 
-66954.679688  96 
-56985.812500  97 
-61505.324219  98 
-65077.789062  99 
-44922.500000  100 
-57576.632812  101 
-63271.359375  102 
-76291.312500  103 
-62911.593750  104 
-54025.945312  105 
-67690.640625  106 
-58486.257812  107 
-73444.984375  108 
-65726.703125  109 
-71836.585938  110 
-66437.460938  111 
-71087.539062  112 
-61876.714844  113 
-72698.054688  114 
-60304.195312  115 
-59381.855469  116 
-68319.906250  117 
-68223.117188  118 
-75146.578125  119 
-65036.039062  120 
-74412.718750  121 
-64923.882812  122 
-60031.886719  123 
-55600.886719  124 
-64332.351562  125 
-59081.695312  126 
-68630.656250  127 
-57537.605469  128 
-60860.078125  129 
-61102.632812  130 
-52942.933594  131 
-55742.035156  132 
-48139.218750  133 
-50198.171875  134 
-44020.500000  135 
-38306.578125  136 
-56519.089844  137 
-44173.828125  138 
-42125.187500  139 
-30387.472656  140 
-39856.972656  141 
-37720.726562  142 
-42230.804688  143 
-32623.939453  144 
-35772.269531  145 
-39936.925781  146 
-27218.687500  147 
-33299.652344  148 
-27526.412109  149 
-20213.195312  150 
-32780.359375  151 
-15163.366211  152 
-16840.681641  153 
-15845.326172  154 
-14307.029297  155 
-6346.959961  156 
-6138.244629  157 
-17759.763672  158 
-8071.202148  159 
-7806.897461  160 
4126.596191  161 
7195.168945  162 
2373.435791  163 
5152.993164  164 
-1016.874817  165 
3896.648926  166 
15257.780273  167 
21949.224609  168 
11425.616211  169 
18086.164062  170 
16082.191406  171 
26289.617188  172 
15382.060547  173 
14810.409180  174 
30145.041016  175 
31876.335938  176 
37385.671875  177 
22326.291016  178 
19798.960938  179 
38406.578125  180 
32796.648438  181 
37916.878906  182 
28987.425781  183 
40586.164062  184 
44851.710938  185 
44931.832031  186 
48737.394531  187 
50989.066406  188 
52466.722656  189 
52610.117188  190 
54529.117188  191 
46469.050781  192 
55483.019531  193 
68860.390625  194 
59616.699219  195 
62987.421875  196 
62301.703125  197 
65943.875000  198 
61585.671875  199 
66156.929688  200 
62208.257812  201 
56992.859375  202 
57660.195312  203 
66920.125000  204 
77403.312500  205 
61903.609375  206 
59761.242188  207 
70408.093750  208 
68352.359375  209 
67384.507812  210 
65218.546875  211 
77281.554688  212 
63787.847656  213 
78757.343750  214 
67636.609375  215 
67722.523438  216 
71341.492188  217 
71363.742188  218 
63105.214844  219 
65738.609375  220 
66754.898438  221 
69971.976562  222 
71963.078125  223 
69190.226562  224 
62609.031250  225 
73956.187500  226 
59611.250000  227 
54624.312500  228 
65023.902344  229 
57228.335938  230 
50475.253906  231 
68363.984375  232 
66362.257812  233 
63723.273438  234 
57487.242188  235 
58918.816406  236 
56899.343750  237 
48939.207031  238 
59422.332031  239 
59839.605469  240 
39281.191406  241 
49572.757812  242 
39524.906250  243 
39468.085938  244 
38753.921875  245 
45712.707031  246 
39286.335938  247 
45154.855469  248 
29216.625000  249 
35545.234375  250 
38368.503906  251 
32893.074219  252 
25217.707031  253 
31033.876953  254 
26569.646484  255 
29518.968750  256 
23230.232422  257 
23646.468750  258 
26418.046875  259 
28205.025391  260 
12932.629883  261 
13030.765625  262 
10691.253906  263 
15536.426758  264 
6830.920898  265 
4981.248047  266 
2332.035889  267 
4308.439941  268 
-1366.348145  269 
-2838.576172  270 
4440.094727  271 
8664.209961  272 
-12252.375977  273 
-11028.105469  274 
-1990.782837  275 
-14912.441406  276 
-5498.937988  277 
-17556.130859  278 
-16671.189453  279 
-19654.789062  280 
-25932.933594  281 
-20759.634766  282 
-33253.281250  283 
-38004.996094  284 
-31347.515625  285 
-32233.556641  286 
-39135.023438  287 
-39830.046875  288 
-40656.886719  289 
-37952.210938  290 
-35519.632812  291 
-30111.294922  292 
-53918.226562  293 
-36908.183594  294 
-40808.386719  295 
-48609.945312  296 
-45612.585938  297 
-49962.046875  298 
-65645.468750  299 
-53126.453125  300 
-61283.757812  301 
-51292.468750  302 
-45862.492188  303 
-53650.269531  304 
-49353.785156  305 
-53343.976562  306 
-53349.585938  307 
-61315.453125  308 
-58444.664062  309 
-58436.812500  310 
-66110.859375  311 
-69162.093750  312 
-67362.031250  313 
-57589.652344  314 
-66441.859375  315 
-71373.882812  316 
-64176.332031  317 
-61631.949219  318 
-64037.328125  319 
-72331.468750  320 
-63103.515625  321 
-73780.226562  322 
-79825.078125  323 
-73603.375000  324 
-74192.968750  325 
-68944.351562  326 
-67559.921875  327 
-73824.453125  328 
-65477.257812  329 
-66483.828125  330 
-58126.984375  331 
-79279.359375  332 
-69347.289062  333 
-59897.000000  334 
-68795.335938  335 
-74465.304688  336 
-62977.671875  337 
-61535.375000  338 
-59574.445312  339 
-68187.296875  340 
-54885.187500  341 
-49844.460938  342 
-52177.914062  343 
-58219.503906  344 
-56607.957031  345 
-54462.671875  346 
-53147.480469  347 
-51119.433594  348 
-55323.082031  349 
-44935.085938  350 
-45073.304688  351 
-41350.785156  352 
-39607.503906  353 
-50059.019531  354 
-50047.031250  355 
-42112.867188  356 
-33454.007812  357 
-27336.261719  358 
-30868.396484  359 
-32188.962891  360 
-25294.304688  361 
-33721.914062  362 
-30047.082031  363 
-30041.236328  364 
-20955.085938  365 
-16812.769531  366 
-23827.228516  367 
-17080.015625  368 
-18330.183594  369 
-14428.251953  370 
-12593.836914  371 
-5607.975586  372 
-9958.504883  373 
-12334.116211  374 
-12856.273438  375 
9157.187500  376 
-40.925293  377 
11582.153320  378 
-1049.279053  379 
5182.671387  380 
12559.077148  381 
2395.029785  382 
3640.780762  383 
12255.933594  384 
10690.484375  385 
13990.011719  386 
25340.525391  387 
10912.063477  388 
26451.769531  389 
27057.488281  390 
20041.298828  391 
27076.580078  392 
35194.031250  393 
36235.929688  394 
32653.474609  395 
31360.531250  396 
43606.191406  397 
40581.863281  398 
33852.515625  399 
34355.011719  400 
35669.523438  401 
44147.351562  402 
47853.085938  403 
37339.800781  404 
45708.335938  405 
40143.468750  406 
63457.007812  407 
53105.238281  408 
60928.875000  409 
60595.718750  410 
54118.109375  411 
56522.007812  412 
60369.484375  413 
60708.128906  414 
72456.750000  415 
53097.148438  416 
56864.363281  417 
64774.308594  418 
68459.812500  419 
57950.070312  420 
60297.511719  421 
70119.093750  422 
72451.781250  423 
71491.937500  424 
70948.078125  425 
70281.445312  426 
67009.921875  427 
67755.773438  428 
72692.609375  429 
77509.835938  430 
77164.687500  431 
57752.375000  432 
79488.859375  433 
72728.710938  434 
72311.406250  435 
70443.179688  436 
66341.851562  437 
66692.343750  438 
74952.421875  439 
56141.742188  440 
57144.156250  441 
71834.093750  442 
68562.328125  443 
63945.960938  444 
56760.980469  445 
59287.304688  446 
64222.593750  447 
64075.910156  448 
66372.234375  449 
61746.824219  450 
59742.890625  451 
60481.898438  452 
56332.804688  453 
54604.328125  454 
46132.437500  455 
53987.335938  456 
49694.324219  457 
54140.078125  458 
43078.421875  459 
56083.214844  460 
41055.117188  461 
35414.488281  462 
47359.867188  463 
43982.890625  464 
44455.808594  465 
31249.019531  466 
37590.066406  467 
42271.484375  468 
31081.445312  469 
32501.968750  470 
38079.230469  471 
18446.925781  472 
25759.566406  473 
19509.324219  474 
10449.248047  475 
23877.167969  476 
5106.708984  477 
20524.285156  478 
-533.583252  479 
4757.031738  480 
6138.680176  481 
3820.683594  482 
16108.281250  483 
13602.815430  484 
-3293.104492  485 
-6705.978516  486 
-3374.394531  487 
-5812.786133  488 
-9531.356445  489 
-10869.091797  490 
-9497.035156  491 
-17580.867188  492 
-1782.704346  493 
-13866.780273  494 
-19873.341797  495 
-16096.039062  496 
-31635.130859  497 
-13689.007812  498 
-30568.621094  499 
-38810.773438  500 
-34004.718750  501 
-30843.855469  502 
-27612.685547  503 
-24061.126953  504 
-43714.355469  505 
-37463.851562  506 
-36817.546875  507 
-49956.714844  508 
-49916.312500  509 
-43310.910156  510 
-54557.812500  511 
1 0.059697 
58744.519531  1 
80560.421875  2 
81153.734375  3 
65437.398438  4 
75154.992188  5 
68252.671875  6 
70357.640625  7 
69170.867188  8 
61919.777344  9 
67914.640625  10 
59266.656250  11 
64721.382812  12 
65426.781250  13 
61182.484375  14 
70020.093750  15 
76922.117188  16 
65306.269531  17 
58248.285156  18 
53409.152344  19 
63013.859375  20 
68545.406250  21 
54695.835938  22 
53861.523438  23 
43920.382812  24 
55223.992188  25 
56994.187500  26 
48735.765625  27 
47319.222656  28 
54156.632812  29 
42531.218750  30 
48145.632812  31 
34047.371094  32 
37551.183594  33 
32613.230469  34 
35278.710938  35 
42403.312500  36 
28402.048828  37 
21878.324219  38 
26445.767578  39 
22040.085938  40 
39005.777344  41 
25945.382812  42 
11270.552734  43 
30026.447266  44 
12677.536133  45 
15678.941406  46 
5241.849609  47 
7326.030273  48 
12967.726562  49 
2840.752441  50 
1743.527588  51 
20193.824219  52 
-5377.791016  53 
9430.279297  54 
-10788.208008  55 
-5749.561523  56 
-4988.578613  57 
-12976.431641  58 
-11736.612305  59 
3023.320312  60 
-5321.103516  61 
-18014.046875  62 
-23817.296875  63 
-18493.996094  64 
-16940.394531  65 
-27298.089844  66 
-28035.185547  67 
-39138.464844  68 
-31557.843750  69 
-30659.574219  70 
-31127.808594  71 
-31241.152344  72 
-41401.890625  73 
-40257.972656  74 
-38579.695312  75 
-42253.289062  76 
-48680.707031  77 
-44431.425781  78 
-36133.433594  79 
-47736.675781  80 
-45176.007812  81 
-51352.398438  82 
-60987.460938  83 
-36059.492188  84 
-58999.167969  85 
-57023.859375  86 
-65262.851562  87 
-58358.968750  88 
-62094.703125  89 
-61429.652344  90 
-49105.992188  91 
-53587.667969  92 
-69514.085938  93 
-52134.378906  94 
-50132.093750  95 
-66954.679688  96 
-56985.812500  97 
-61505.324219  98 
-65077.789062  99 
-44922.500000  100 
-57576.632812  101 
-63271.359375  102 
-76291.312500  103 
-62911.593750  104 
-54025.945312  105 
-67690.640625  106 
-58486.257812  107 
-73444.984375  108 
-65726.703125  109 
-71836.585938  110 
-66437.460938  111 
-71087.539062  112 
-61876.714844  113 
-72698.054688  114 
-60304.195312  115 
-59381.855469  116 
-68319.906250  117 
-68223.117188  118 
-75146.578125  119 
-65036.039062  120 
-74412.718750  121 
-64923.882812  122 
-60031.886719  123 
-55600.886719  124 
-64332.351562  125 
-59081.695312  126 
-68630.656250  127 
-57537.605469  128 
-60860.078125  129 
-61102.632812  130 
-52942.933594  131 
-55742.035156  132 
-48139.218750  133 
-50198.171875  134 
-44020.500000  135 
-38306.578125  136 
-56519.089844  137 
-44173.828125  138 
-42125.187500  139 
-30387.472656  140 
-39856.972656  141 
-37720.726562  142 
-42230.804688  143 
-32623.939453  144 
-35772.269531  145 
-39936.925781  146 
-27218.687500  147 
-33299.652344  148 
-27526.412109  149 
-20213.195312  150 
-32780.359375  151 
-15163.366211  152 
-16840.681641  153 
-15845.326172  154 
-14307.029297  155 
-6346.959961  156 
-6138.244629  157 
-17759.763672  158 
-8071.202148  159 
-7806.897461  160 
4126.596191  161 
7195.168945  162 
2373.435791  163 
5152.993164  164 
-1016.874817  165 
3896.648926  166 
15257.780273  167 
21949.224609  168 
11425.616211  169 
18086.164062  170 
16082.191406  171 
26289.617188  172 
15382.060547  173 
14810.409180  174 
30145.041016  175 
31876.335938  176 
37385.671875  177 
22326.291016  178 
19798.960938  179 
38406.578125  180 
32796.648438  181 
37916.878906  182 
28987.425781  183 
40586.164062  184 
44851.710938  185 
44931.832031  186 
48737.394531  187 
50989.066406  188 
52466.722656  189 
52610.117188  190 
54529.117188  191 
46469.050781  192 
55483.019531  193 
68860.390625  194 
59616.699219  195 
62987.421875  196 
62301.703125  197 
65943.875000  198 
61585.671875  199 
66156.929688  200 
62208.257812  201 
56992.859375  202 
57660.195312  203 
66920.125000  204 
77403.312500  205 
61903.609375  206 
59761.242188  207 
70408.093750  208 
68352.359375  209 
67384.507812  210 
65218.546875  211 
77281.554688  212 
63787.847656  213 
78757.343750  214 
67636.609375  215 
67722.523438  216 
71341.492188  217 
71363.742188  218 
63105.214844  219 
65738.609375  220 
66754.898438  221 
69971.976562  222 
71963.078125  223 
69190.226562  224 
62609.031250  225 
73956.187500  226 
59611.250000  227 
54624.312500  228 
65023.902344  229 
57228.335938  230 
50475.253906  231 
68363.984375  232 
66362.257812  233 
63723.273438  234 
57487.242188  235 
58918.816406  236 
56899.343750  237 
48939.207031  238 
59422.332031  239 
59839.605469  240 
39281.191406  241 
49572.757812  242 
39524.906250  243 
39468.085938  244 
38753.921875  245 
45712.707031  246 
39286.335938  247 
45154.855469  248 
29216.625000  249 
35545.234375  250 
38368.503906  251 
32893.074219  252 
25217.707031  253 
31033.876953  254 
26569.646484  255 
29518.968750  256 
23230.232422  257 
23646.468750  258 
26418.046875  259 
28205.025391  260 
12932.629883  261 
13030.765625  262 
10691.253906  263 
15536.426758  264 
6830.920898  265 
4981.248047  266 
2332.035889  267 
4308.439941  268 
-1366.348145  269 
-2838.576172  270 
4440.094727  271 
8664.209961  272 
-12252.375977  273 
-11028.105469  274 
-1990.782837  275 
-14912.441406  276 
-5498.937988  277 
-17556.130859  278 
-16671.189453  279 
-19654.789062  280 
-25932.933594  281 
-20759.634766  282 
-33253.281250  283 
-38004.996094  284 
-31347.515625  285 
-32233.556641  286 
-39135.023438  287 
-39830.046875  288 
-40656.886719  289 
-37952.210938  290 
-35519.632812  291 
-30111.294922  292 
-53918.226562  293 
-36908.183594  294 
-40808.386719  295 
-48609.945312  296 
-45612.585938  297 
-49962.046875  298 
-65645.468750  299 
-53126.453125  300 
-61283.757812  301 
-51292.468750  302 
-45862.492188  303 
-53650.269531  304 
-49353.785156  305 
-53343.976562  306 
-53349.585938  307 
-61315.453125  308 
-58444.664062  309 
-58436.812500  310 
-66110.859375  311 
-69162.093750  312 
-67362.031250  313 
-57589.652344  314 
-66441.859375  315 
-71373.882812  316 
-64176.332031  317 
-61631.949219  318 
-64037.328125  319 
-72331.468750  320 
-63103.515625  321 
-73780.226562  322 
-79825.078125  323 
-73603.375000  324 
-74192.968750  325 
-68944.351562  326 
-67559.921875  327 
-73824.453125  328 
-65477.257812  329 
-66483.828125  330 
-58126.984375  331 
-79279.359375  332 
-69347.289062  333 
-59897.000000  334 
-68795.335938  335 
-74465.304688  336 
-62977.671875  337 
-61535.375000  338 
-59574.445312  339 
-68187.296875  340 
-54885.187500  341 
-49844.460938  342 
-52177.914062  343 
-58219.503906  344 
-56607.957031  345 
-54462.671875  346 
-53147.480469  347 
-51119.433594  348 
-55323.082031  349 
-44935.085938  350 
-45073.304688  351 
-41350.785156  352 
-39607.503906  353 
-50059.019531  354 
-50047.031250  355 
-42112.867188  356 
-33454.007812  357 
-27336.261719  358 
-30868.396484  359 
-32188.962891  360 
-25294.304688  361 
-33721.914062  362 
-30047.082031  363 
-30041.236328  364 
-20955.085938  365 
-16812.769531  366 
-23827.228516  367 
-17080.015625  368 
-18330.183594  369 
-14428.251953  370 
-12593.836914  371 
-5607.975586  372 
-9958.504883  373 
-12334.116211  374 
-12856.273438  375 
9157.187500  376 
-40.925293  377 
11582.153320  378 
-1049.279053  379 
5182.671387  380 
12559.077148  381 
2395.029785  382 
3640.780762  383 
12255.933594  384 
10690.484375  385 
13990.011719  386 
25340.525391  387 
10912.063477  388 
26451.769531  389 
27057.488281  390 
20041.298828  391 
27076.580078  392 
35194.031250  393 
36235.929688  394 
32653.474609  395 
31360.531250  396 
43606.191406  397 
40581.863281  398 
33852.515625  399 
34355.011719  400 
35669.523438  401 
44147.351562  402 
47853.085938  403 
37339.800781  404 
45708.335938  405 
40143.468750  406 
63457.007812  407 
53105.238281  408 
60928.875000  409 
60595.718750  410 
54118.109375  411 
56522.007812  412 
60369.484375  413 
60708.128906  414 
72456.750000  415 
53097.148438  416 
56864.363281  417 
64774.308594  418 
68459.812500  419 
57950.070312  420 
60297.511719  421 
70119.093750  422 
72451.781250  423 
71491.937500  424 
70948.078125  425 
70281.445312  426 
67009.921875  427 
67755.773438  428 
72692.609375  429 
77509.835938  430 
77164.687500  431 
57752.375000  432 
79488.859375  433 
72728.710938  434 
72311.406250  435 
70443.179688  436 
66341.851562  437 
66692.343750  438 
74952.421875  439 
56141.742188  440 
57144.156250  441 
71834.093750  442 
68562.328125  443 
63945.960938  444 
56760.980469  445 
59287.304688  446 
64222.593750  447 
64075.910156  448 
66372.234375  449 
61746.824219  450 
59742.890625  451 
60481.898438  452 
56332.804688  453 
54604.328125  454 
46132.437500  455 
53987.335938  456 
49694.324219  457 
54140.078125  458 
43078.421875  459 
56083.214844  460 
41055.117188  461 
35414.488281  462 
47359.867188  463 
43982.890625  464 
44455.808594  465 
31249.019531  466 
37590.066406  467 
42271.484375  468 
31081.445312  469 
32501.968750  470 
38079.230469  471 
18446.925781  472 
25759.566406  473 
19509.324219  474 
10449.248047  475 
23877.167969  476 
5106.708984  477 
20524.285156  478 
-533.583252  479 
4757.031738  480 
6138.680176  481 
3820.683594  482 
16108.281250  483 
13602.815430  484 
-3293.104492  485 
-6705.978516  486 
-3374.394531  487 
-5812.786133  488 
-9531.356445  489 
-10869.091797  490 
-9497.035156  491 
-17580.867188  492 
-1782.704346  493 
-13866.780273  494 
-19873.341797  495 
-16096.039062  496 
-31635.130859  497 
-13689.007812  498 
-30568.621094  499 
-38810.773438  500 
-34004.718750  501 
-30843.855469  502 
-27612.685547  503 
-24061.126953  504 
-43714.355469  505 
-37463.851562  506 
-36817.546875  507 
-49956.714844  508 
-49916.312500  509 
-43310.910156  510 
-54557.812500  511 
1 0.059637 
