
16000  16  134.698273  1.000000 
32000  16  231.642342  1.000000 
64000  16  363.702478  1.000000 
128000  16  526.108121  1.000000 
256000  16  684.521246  1.000000 
512000  16  776.849895  1.000000 
16000  32  140.370574  1.000000 
32000  32  259.672813  1.000000 
64000  32  445.632781  1.000000 
128000  32  698.080296  1.000000 
256000  32  991.694592  1.000000 
512000  32  1215.990265  1.000000 
16000  64  140.173819  1.000000 
32000  64  238.265424  1.000000 
64000  64  472.255031  1.000000 
128000  64  780.335557  1.000000 
256000  64  1179.941014  1.000000 
512000  64  1618.614051  1.000000 
16000  16  9.981435  0.000000 
32000  16  27.443123  0.000000 
64000  16  382.848378  0.000000 
128000  16  132.762452  0.000000 
256000  16  132.667787  0.000000 
512000  16  282.012859  0.000000 
16000  32  10.050857  0.000000 
32000  32  27.006590  0.000000 
64000  32  62.699857  0.000000 
128000  32  61.653231  0.000000 
256000  32  109.724313  0.000000 
512000  32  322.658717  0.000000 
16000  64  10.029286  0.000000 
32000  64  27.211624  0.000000 
64000  64  63.341247  0.000000 
128000  64  62.019347  0.000000 
256000  64  111.284220  0.000000 
512000  64  339.313751  0.000000 
512000  64  1618.123001  0.000000 
512000  64  1627.670417  0.000000 
512000  64  1648.804563  0.000000 
512000  64  1619.433232  0.000000 
512000  64  1668.752544  0.000000 
512000  64  1579.778859  0.000000 
512000  64  1623.706099  0.000000 
512000  64  1667.535142  0.000000 
512000  64  1631.654140  0.000000 
512000  64  1639.344294  0.000000 
512000  64  1635.155812  0.000000 
512000  64  1612.415618  0.000000 
512000  64  1661.129608  0.000000 
512000  64  1627.008353  0.000000 
512000  64  1619.761045  0.000000 
512000  64  1624.365477  0.000000 
512000  64  1656.143218  0.000000 
512000  64  1643.554132  0.000000 
512000  64  862.626670  0.000000 
512000  64  223.320221  0.000000 
512000  64  222.928156  0.000000 
512000  64  222.098837  0.000000 
512000  64  222.376640  0.000000 
512000  64  222.630370  0.000000 
512000  64  226.017436  0.000000 
512000  64  231.548481  0.000000 
512000  64  221.981751  0.000000 
512000  64  227.994939  0.000000 
512000  64  225.915314  0.000000 
512000  64  223.948482  0.000000 
512000  64  222.175928  0.000000 
512000  64  227.369606  0.000000 
512000  64  229.904866  0.000000 
512000  64  224.678080  0.000000 
512000  64  222.565350  0.000000 
512000  64  230.030486  0.000000 
16000  16  7.307271  1.000000 
32000  16  19.289379  1.000000 
64000  16  42.080459  1.000000 
128000  16  115.194099  1.000000 
256000  16  513.116535  1.000000 
512000  16  192.146035  1.000000 
16000  32  7.322896  1.000000 
32000  32  19.398642  1.000000 
64000  32  43.551163  1.000000 
128000  32  122.970972  1.000000 
256000  32  692.460849  1.000000 
512000  32  1229.539722  1.000000 
16000  64  157.728710  1.000000 
32000  64  300.571089  1.000000 
64000  64  532.056400  1.000000 
128000  64  798.403199  1.000000 
256000  64  1218.212284  1.000000 
512000  64  258.527363  1.000000 
16000  16  127.258848  1.000000 
32000  16  212.765961  1.000000 
64000  16  340.425544  1.000000 
128000  16  469.869619  1.000000 
256000  16  584.838089  1.000000 
512000  16  675.162454  1.000000 
16000  32  147.275405  1.000000 
32000  32  243.546026  1.000000 
64000  32  419.551062  1.000000 
128000  32  644.018674  1.000000 
256000  32  876.136203  1.000000 
512000  32  1073.105271  1.000000 
16000  64  142.247511  1.000000 
32000  64  261.437907  1.000000 
64000  64  449.539211  1.000000 
128000  64  750.328290  1.000000 
256000  64  1143.674062  1.000000 
512000  64  1513.145457  1.000000 
