
50  1  18.864935  29.893076 
100  1  18.884706  29.281267 
150  1  18.401461  29.081383 
200  1  18.370609  28.982233 
250  1  18.879370  28.922865 
300  1  18.888372  28.883459 
350  1  18.137793  28.855288 
400  1  18.858500  28.834097 
450  1  18.855307  28.817814 
500  1  18.848143  28.804596 
550  1  18.840704  28.794003 
600  1  18.837187  28.785053 
650  1  18.831564  28.778032 
700  1  18.824287  28.771662 
750  1  18.826330  28.764980 
800  1  18.833450  28.760143 
850  1  18.832468  28.755053 
900  1  18.845135  28.750969 
950  1  18.829958  28.747431 
1000  1  18.832937  28.747942 
50  2  37.462158  29.893038 
100  2  32.638248  29.281261 
150  2  37.790226  29.081326 
200  2  36.712574  28.982157 
250  2  37.692516  28.922995 
300  2  37.741371  28.883553 
350  2  35.761097  28.855423 
400  2  37.655457  28.834412 
450  2  37.682003  28.817892 
500  2  37.066109  28.804897 
550  2  36.657047  28.794130 
600  2  37.341698  28.785133 
650  2  35.979748  28.777615 
700  2  37.615269  28.771404 
750  2  37.244072  28.765760 
800  2  37.636940  28.760550 
850  2  37.043739  28.756615 
900  2  37.662796  28.752579 
950  2  37.642185  28.749428 
1000  2  37.639133  28.745529 
50  3  54.331291  29.893063 
100  3  55.011852  29.281273 
150  3  55.008862  29.081362 
200  3  55.036304  28.982197 
250  3  54.997658  28.922955 
300  3  55.147327  28.883526 
350  3  55.005131  28.855343 
400  3  55.003723  28.834408 
450  3  55.044628  28.817902 
500  3  54.992023  28.804928 
550  3  55.010632  28.794098 
600  3  54.969479  28.785191 
650  3  54.940369  28.777592 
700  3  54.965351  28.771206 
750  3  54.993824  28.765757 
800  3  54.675163  28.760639 
850  3  54.949821  28.756557 
900  3  54.987492  28.752699 
950  3  54.961632  28.749340 
1000  3  54.967312  28.746269 
50  4  70.238541  29.893051 
100  4  71.186028  29.281269 
150  4  71.424942  29.081375 
200  4  71.445030  28.982162 
250  4  71.342880  28.922922 
300  4  71.334984  28.883507 
350  4  71.346031  28.855377 
400  4  71.343979  28.834335 
450  4  71.415169  28.817890 
500  4  71.283928  28.804855 
550  4  71.278191  28.794149 
600  4  71.305260  28.785286 
650  4  71.331062  28.777676 
700  4  71.316628  28.771263 
750  4  71.342308  28.765665 
800  4  71.335045  28.760695 
850  4  71.304657  28.756416 
900  4  71.372612  28.752663 
950  4  71.301575  28.749073 
1000  4  71.293716  28.746113 
50  5  60.726765  29.893059 
100  5  61.354965  29.281273 
150  5  61.439152  29.081367 
200  5  61.383114  28.982182 
250  5  61.399117  28.922909 
300  5  61.445568  28.883459 
350  5  61.380188  28.855465 
400  5  61.440605  28.834255 
450  5  61.611782  28.817919 
500  5  61.386044  28.804823 
550  5  61.425285  28.794117 
600  5  61.429798  28.785275 
650  5  61.456600  28.777618 
700  5  61.441891  28.771194 
750  5  61.436962  28.765623 
800  5  61.443085  28.760746 
850  5  61.375881  28.756409 
900  5  61.606972  28.752525 
950  5  61.459606  28.749264 
1000  5  61.453705  28.745987 
50  6  71.089371  29.893055 
100  6  72.083511  29.281279 
150  6  72.283585  29.081383 
200  6  72.361908  28.982170 
250  6  72.331100  28.922901 
300  6  72.380783  28.883480 
350  6  71.698395  28.855350 
400  6  71.001045  28.834280 
450  6  72.295197  28.817915 
500  6  72.393852  28.804905 
550  6  72.092896  28.794130 
600  6  72.356209  28.785240 
650  6  72.280495  28.777637 
700  6  72.406395  28.771202 
750  6  72.418510  28.765615 
800  6  72.413933  28.760769 
850  6  72.416565  28.756464 
900  6  73.052849  28.752628 
950  6  72.410759  28.749184 
1000  6  72.412704  28.746082 
50  7  80.133278  29.893053 
100  7  83.860962  29.281279 
150  7  84.276611  29.081387 
200  7  82.782486  28.982162 
250  7  84.397873  28.922909 
300  7  84.378372  28.883501 
350  7  83.526924  28.855352 
400  7  84.449387  28.834251 
450  7  85.129852  28.817963 
500  7  84.407845  28.804836 
550  7  84.451561  28.794182 
600  7  83.558205  28.785202 
650  7  83.241028  28.777674 
700  7  84.460335  28.771210 
750  7  84.476395  28.765614 
800  7  84.137329  28.760767 
850  7  84.208443  28.756439 
900  7  85.234146  28.752672 
950  7  84.465958  28.749086 
1000  7  83.982849  28.746117 
50  8  91.645615  29.893049 
100  8  95.611435  29.281284 
150  8  96.188370  29.081383 
200  8  96.290642  28.982168 
250  8  96.246239  28.922882 
300  8  96.447517  28.883459 
350  8  96.396355  28.855381 
400  8  96.478477  28.834269 
450  8  97.250381  28.817934 
500  8  96.493317  28.804852 
550  8  96.488770  28.794144 
600  8  96.366112  28.785257 
650  8  96.425171  28.777708 
700  8  96.487953  28.771307 
750  8  96.513069  28.765575 
800  8  96.484688  28.760803 
850  8  96.470116  28.756332 
900  8  97.336700  28.752747 
950  8  96.463852  28.749105 
1000  8  96.353310  28.746119 
