
     1024	  32	        32	     0.020
 
    1024	  64	        16	     0.026
 
    1024	 128	         8	     0.027
 
    1024	 256	         4	     0.026
 
    1024	 512	         2	     0.027
 
    1024	1024	         1	     0.027
 
   16384	  32	       512	     0.407
 
   16384	  64	       256	     0.413
 
   16384	 128	       128	     0.383
 
   16384	 256	        64	     0.412
 
   16384	 512	        32	     0.401
 
   16384	1024	        16	     0.413
 
  262144	  32	      8192	     1.079
 
  262144	  64	      4096	     1.108
 
  262144	 128	      2048	     1.122
 
  262144	 256	      1024	     1.101
 
  262144	 512	       512	     1.125
 
  262144	1024	       256	     1.124
 
 1048576	  32	     32768	     2.947
 
 1048576	  64	     16384	     3.202
 
 1048576	 128	      8192	     3.382
 
 1048576	 256	      4096	     3.253
 
 1048576	 512	      2048	     3.368
 
 1048576	1024	      1024	     3.328
 
 4194304	  32	    131072	     5.106
 
 4194304	  64	     65536	     5.268
 
 4194304	 128	     32768	     6.392
 
 4194304	 256	     16384	     6.273
 
 4194304	 512	      8192	     6.621
 
 4194304	1024	      4096	     6.310
 
10240000	  32	    320000	     6.560
 
10240000	  64	    160000	     7.575
 
10240000	 128	     80000	     8.433
 
10240000	 256	     40000	     8.544
 
10240000	 512	     20000	     8.267
 
10240000	1024	     10000	     8.587 
